# relative_time, cycles_done, cur_item, corpus_count, pending_total, pending_favs, map_size, saved_crashes, saved_hangs, max_depth, execs_per_sec, total_execs, edges_found, total_crashes, servers_count
61, 1, 30, 78, 40, 0, 52.07%, 4, 0, 3, 711.02, 49013, 113, 339, 0
66, 1, 26, 78, 31, 0, 52.07%, 4, 0, 3, 790.15, 53246, 113, 339, 0
71, 1, 74, 78, 23, 0, 52.07%, 4, 0, 3, 804.41, 57492, 113, 339, 0
76, 2, 47, 78, 19, 0, 52.07%, 4, 0, 3, 638.76, 60524, 113, 339, 0
82, 2, 45, 78, 16, 0, 52.07%, 4, 0, 3, 750.11, 64833, 113, 339, 0
87, 2, 18, 79, 13, 0, 52.07%, 5, 0, 4, 795.53, 68892, 113, 340, 0
92, 3, 78, 80, 12, 0, 52.07%, 5, 0, 4, 809.73, 73070, 113, 345, 0
97, 3, 53, 81, 10, 0, 52.07%, 5, 0, 4, 811.40, 77296, 113, 346, 0
102, 3, 60, 82, 9, 0, 52.07%, 6, 0, 4, 775.02, 81336, 113, 350, 0
107, 4, 73, 83, 8, 0, 52.07%, 6, 0, 4, 785.24, 85165, 113, 357, 0
113, 4, 59, 83, 5, 0, 52.07%, 6, 0, 4, 827.73, 89366, 113, 369, 0
118, 4, 59, 84, 6, 0, 52.07%, 6, 0, 4, 832.39, 93585, 113, 384, 0
123, 5, 40, 86, 7, 0, 52.07%, 7, 0, 4, 850.09, 98310, 113, 397, 0
128, 5, 60, 86, 5, 0, 52.07%, 7, 0, 4, 848.30, 102553, 113, 430, 0
133, 6, 16, 86, 3, 0, 52.07%, 7, 0, 4, 851.45, 106961, 113, 443, 0
138, 6, 43, 86, 2, 0, 52.07%, 7, 0, 4, 847.87, 111334, 113, 458, 0
144, 6, 43, 86, 1, 0, 52.07%, 7, 0, 4, 856.82, 115745, 113, 488, 0
149, 7, 60, 86, 1, 0, 52.07%, 8, 0, 4, 840.11, 120032, 113, 518, 0
154, 7, 56, 86, 1, 0, 52.07%, 8, 0, 4, 858.89, 124364, 113, 550, 0
159, 8, 43, 86, 1, 0, 52.07%, 8, 0, 4, 842.22, 128568, 113, 574, 0
164, 8, 82, 86, 0, 0, 52.07%, 8, 0, 4, 846.02, 133064, 113, 607, 0
169, 8, 53, 86, 0, 0, 52.07%, 8, 0, 4, 837.59, 137280, 113, 630, 0
174, 9, 48, 86, 0, 0, 52.07%, 9, 0, 4, 845.13, 141550, 113, 652, 0
179, 9, 40, 86, 0, 0, 52.07%, 9, 0, 4, 826.20, 145650, 113, 684, 0
184, 10, 80, 86, 0, 0, 52.07%, 9, 0, 4, 847.21, 149986, 113, 699, 0
189, 10, 16, 86, 0, 0, 52.07%, 9, 0, 4, 853.49, 154354, 113, 713, 0
194, 11, 77, 86, 0, 0, 52.07%, 9, 0, 4, 827.29, 158595, 113, 741, 0
199, 11, 80, 86, 0, 0, 52.07%, 9, 0, 4, 793.76, 162735, 113, 768, 0
205, 11, 74, 86, 0, 0, 52.07%, 9, 0, 4, 811.83, 166826, 113, 798, 0
210, 12, 25, 86, 0, 0, 52.07%, 9, 0, 4, 840.37, 171410, 113, 817, 0
215, 12, 56, 86, 0, 0, 52.07%, 9, 0, 4, 842.51, 175649, 113, 843, 0
220, 13, 60, 86, 0, 0, 52.07%, 9, 0, 4, 850.90, 180082, 113, 870, 0
225, 13, 40, 86, 0, 0, 52.07%, 9, 0, 4, 837.91, 184314, 113, 890, 0
230, 13, 17, 86, 0, 0, 52.07%, 9, 0, 4, 842.23, 188555, 113, 924, 0
235, 14, 10, 86, 0, 0, 52.07%, 9, 0, 4, 847.18, 193008, 113, 934, 0
241, 14, 40, 86, 0, 0, 52.07%, 9, 0, 4, 841.56, 197238, 113, 970, 0
246, 15, 53, 86, 0, 0, 52.07%, 9, 0, 4, 852.60, 201675, 113, 1010, 0
251, 15, 40, 86, 0, 0, 52.07%, 9, 0, 4, 835.51, 205827, 113, 1015, 0
256, 16, 73, 86, 0, 0, 52.07%, 9, 0, 4, 839.39, 210016, 113, 1045, 0
261, 16, 53, 86, 0, 0, 52.07%, 9, 0, 4, 836.21, 214348, 113, 1070, 0
266, 16, 13, 86, 0, 0, 52.07%, 9, 0, 4, 835.96, 218581, 113, 1083, 0
271, 17, 16, 86, 0, 0, 52.07%, 9, 0, 4, 831.33, 222720, 113, 1096, 0
276, 17, 11, 86, 0, 0, 52.07%, 9, 0, 4, 836.20, 226976, 113, 1136, 0
281, 18, 60, 86, 0, 0, 52.07%, 9, 0, 4, 846.21, 231285, 113, 1160, 0
286, 18, 77, 86, 0, 0, 52.07%, 9, 0, 4, 843.36, 235642, 113, 1185, 0
291, 19, 48, 86, 0, 0, 52.07%, 9, 0, 4, 833.56, 239826, 113, 1198, 0
296, 19, 80, 86, 0, 0, 52.07%, 9, 0, 4, 849.78, 244224, 113, 1222, 0
301, 19, 11, 86, 0, 0, 52.07%, 9, 0, 4, 850.96, 248535, 113, 1242, 0
307, 20, 20, 86, 0, 0, 52.07%, 9, 0, 4, 801.99, 252606, 113, 1269, 0
312, 20, 80, 86, 0, 0, 52.07%, 9, 0, 4, 794.01, 256587, 113, 1294, 0
317, 21, 59, 86, 0, 0, 52.07%, 9, 0, 4, 789.08, 260516, 113, 1326, 0
322, 21, 43, 87, 1, 0, 52.07%, 9, 0, 4, 808.32, 264689, 113, 1339, 0
327, 21, 76, 87, 0, 0, 52.07%, 9, 0, 4, 794.13, 268985, 113, 1367, 0
332, 22, 11, 87, 0, 0, 52.07%, 9, 0, 4, 820.55, 273092, 113, 1402, 0
337, 22, 40, 87, 0, 0, 52.07%, 9, 0, 4, 798.74, 277209, 113, 1431, 0
343, 22, 37, 87, 0, 0, 52.07%, 9, 0, 4, 796.37, 281340, 113, 1501, 0
348, 23, 73, 87, 0, 0, 52.07%, 9, 0, 4, 788.01, 285350, 113, 1522, 0
353, 23, 20, 87, 0, 0, 52.07%, 9, 0, 4, 772.67, 289170, 113, 1543, 0
358, 24, 60, 87, 0, 0, 52.07%, 9, 0, 4, 800.24, 293287, 113, 1574, 0
363, 24, 16, 87, 0, 0, 52.07%, 9, 0, 4, 789.47, 297198, 113, 1619, 0
368, 24, 53, 87, 0, 0, 52.07%, 9, 0, 4, 798.63, 301333, 113, 1633, 0
373, 25, 40, 87, 0, 0, 52.07%, 9, 0, 4, 800.96, 305338, 113, 1646, 0
378, 25, 20, 87, 0, 0, 52.07%, 9, 0, 4, 795.06, 309313, 113, 1677, 0
383, 26, 59, 87, 0, 0, 52.07%, 9, 0, 4, 800.38, 313490, 113, 1710, 0
388, 26, 80, 87, 0, 0, 52.07%, 9, 0, 4, 767.53, 317394, 113, 1737, 0
393, 27, 78, 87, 0, 0, 52.07%, 9, 0, 4, 764.79, 321174, 113, 1759, 0
398, 27, 59, 87, 0, 0, 52.07%, 9, 0, 4, 800.08, 325384, 113, 1784, 0
404, 27, 43, 87, 0, 0, 52.07%, 9, 0, 4, 788.16, 329489, 113, 1814, 0
409, 28, 48, 88, 1, 0, 52.07%, 9, 0, 4, 790.00, 333441, 113, 1860, 0
414, 28, 11, 88, 1, 0, 52.07%, 9, 0, 4, 831.79, 337697, 113, 1895, 0
419, 29, 53, 88, 1, 0, 52.07%, 9, 0, 4, 836.77, 342049, 113, 1921, 0
424, 29, 16, 88, 1, 0, 52.07%, 9, 0, 4, 842.16, 346281, 113, 1936, 0
429, 30, 84, 88, 1, 0, 52.07%, 9, 0, 4, 844.62, 350536, 113, 1949, 0
434, 30, 77, 88, 0, 0, 52.07%, 9, 0, 4, 829.91, 354784, 113, 1953, 0
439, 30, 40, 88, 0, 0, 52.07%, 9, 0, 4, 825.61, 359084, 113, 1973, 0
441, 30, 80, 88, 0, 0, 52.07%, 9, 0, 4, 829.57, 360357, 113, 1982, 0
