# relative_time, cycles_done, cur_item, corpus_count, pending_total, pending_favs, map_size, saved_crashes, saved_hangs, max_depth, execs_per_sec, total_execs, edges_found, total_crashes, servers_count
61, 9, 11, 12, 0, 0, 19.32%, 4, 0, 8, 257.95, 18549, 79, 826, 0
66, 9, 11, 12, 0, 0, 19.32%, 4, 0, 8, 177.71, 19329, 79, 983, 0
71, 9, 6, 12, 0, 0, 19.32%, 4, 0, 8, 214.62, 20345, 79, 1130, 0
76, 9, 6, 12, 0, 0, 19.32%, 4, 0, 8, 207.71, 21490, 79, 1236, 0
81, 10, 11, 12, 0, 0, 19.32%, 4, 0, 8, 251.82, 22778, 79, 1351, 0
87, 10, 11, 12, 0, 0, 19.32%, 4, 0, 8, 229.92, 23930, 79, 1423, 0
92, 10, 11, 12, 0, 0, 19.32%, 4, 0, 8, 201.01, 24992, 79, 1550, 0
97, 10, 11, 12, 0, 0, 19.32%, 4, 0, 8, 176.63, 25869, 79, 1715, 0
102, 10, 9, 12, 0, 0, 19.32%, 4, 0, 8, 297.76, 27341, 79, 1783, 0
107, 11, 11, 13, 1, 0, 19.32%, 4, 0, 9, 218.80, 28325, 79, 1954, 0
112, 11, 11, 13, 1, 0, 19.32%, 4, 0, 9, 171.69, 29133, 79, 2124, 0
117, 11, 11, 13, 1, 0, 19.32%, 4, 0, 9, 172.64, 30030, 79, 2302, 0
122, 11, 11, 13, 1, 0, 19.32%, 4, 0, 9, 189.84, 30993, 79, 2485, 0
127, 11, 11, 13, 1, 0, 19.32%, 4, 0, 9, 226.65, 32201, 79, 2623, 0
132, 11, 11, 13, 1, 0, 19.32%, 4, 0, 9, 214.08, 33233, 79, 2738, 0
137, 11, 11, 13, 1, 0, 19.32%, 4, 0, 9, 241.10, 34621, 79, 2829, 0
142, 11, 11, 13, 1, 0, 19.32%, 5, 0, 9, 203.28, 35535, 79, 2991, 0
148, 11, 11, 13, 1, 0, 19.32%, 5, 0, 9, 172.00, 36348, 79, 3143, 0
153, 11, 11, 13, 1, 0, 19.32%, 5, 0, 9, 184.71, 37308, 79, 3330, 0
158, 12, 1, 13, 1, 0, 19.32%, 5, 0, 9, 225.92, 38413, 79, 3524, 0
163, 12, 11, 13, 1, 0, 19.32%, 5, 0, 9, 230.12, 39649, 79, 3585, 0
168, 12, 11, 13, 1, 0, 19.32%, 5, 0, 9, 240.41, 40887, 79, 3672, 0
173, 12, 11, 13, 1, 0, 19.32%, 5, 0, 9, 212.96, 41959, 79, 3801, 0
178, 12, 11, 13, 1, 0, 19.32%, 5, 0, 9, 219.37, 43055, 79, 3897, 0
183, 12, 11, 13, 1, 0, 19.32%, 5, 0, 9, 202.07, 44063, 79, 3989, 0
188, 12, 9, 13, 1, 0, 19.32%, 5, 0, 9, 232.31, 45221, 79, 4096, 0
193, 13, 7, 13, 1, 0, 19.32%, 6, 0, 9, 295.12, 46869, 79, 4149, 0
199, 13, 11, 13, 1, 0, 19.32%, 6, 0, 9, 243.49, 48155, 79, 4208, 0
204, 13, 11, 13, 1, 0, 19.32%, 6, 0, 9, 188.48, 49120, 79, 4306, 0
209, 14, 5, 13, 1, 0, 19.32%, 6, 0, 9, 144.96, 49893, 79, 4340, 0
214, 14, 1, 13, 1, 0, 19.32%, 6, 0, 9, 140.20, 50603, 79, 4340, 0
219, 15, 3, 13, 1, 0, 19.32%, 6, 0, 9, 264.92, 51945, 79, 4364, 0
224, 15, 11, 13, 1, 0, 19.32%, 6, 0, 9, 221.95, 53059, 79, 4483, 0
229, 15, 11, 13, 1, 0, 19.32%, 6, 0, 9, 223.30, 54163, 79, 4584, 0
235, 15, 11, 13, 1, 0, 19.32%, 6, 0, 9, 172.25, 55024, 79, 4764, 0
240, 15, 7, 13, 1, 0, 19.32%, 6, 0, 9, 172.81, 55960, 79, 4966, 0
245, 15, 12, 13, 1, 0, 19.32%, 6, 0, 9, 209.08, 57060, 79, 5086, 0
250, 15, 5, 13, 0, 0, 19.32%, 6, 0, 9, 246.94, 58242, 79, 5201, 0
255, 15, 7, 13, 0, 0, 19.32%, 6, 0, 9, 283.09, 59768, 79, 5248, 0
260, 16, 11, 13, 0, 0, 19.32%, 6, 0, 9, 257.50, 61018, 79, 5357, 0
265, 16, 11, 13, 0, 0, 19.32%, 6, 0, 9, 145.48, 61633, 79, 5487, 0
270, 16, 3, 13, 0, 0, 19.32%, 6, 0, 9, 38.95, 61847, 79, 5527, 0
275, 16, 11, 13, 0, 0, 19.32%, 6, 0, 9, 87.55, 62350, 79, 5553, 0
281, 16, 11, 13, 0, 0, 19.32%, 6, 0, 9, 82.94, 62773, 79, 5642, 0
286, 16, 11, 13, 0, 0, 19.32%, 6, 0, 9, 77.99, 63174, 79, 5715, 0
291, 17, 4, 13, 0, 0, 19.32%, 6, 0, 9, 104.73, 63741, 79, 5728, 0
296, 17, 7, 13, 0, 0, 19.32%, 6, 0, 9, 96.06, 64257, 79, 5754, 0
301, 17, 6, 13, 0, 0, 19.32%, 6, 0, 9, 109.26, 64837, 79, 5776, 0
306, 17, 11, 13, 0, 0, 19.32%, 6, 0, 9, 106.71, 65383, 79, 5794, 0
311, 17, 11, 13, 0, 0, 19.32%, 6, 0, 9, 82.31, 65783, 79, 5867, 0
316, 17, 11, 13, 0, 0, 19.32%, 6, 0, 9, 70.18, 66125, 79, 5940, 0
322, 17, 11, 13, 0, 0, 19.32%, 6, 0, 9, 209.19, 67343, 79, 6025, 0
327, 18, 3, 13, 0, 0, 19.32%, 6, 0, 9, 298.58, 69011, 79, 6052, 0
332, 18, 11, 13, 0, 0, 19.32%, 6, 0, 9, 214.60, 70125, 79, 6149, 0
337, 18, 1, 13, 0, 0, 19.32%, 6, 0, 9, 123.77, 70623, 79, 6239, 0
342, 19, 11, 13, 0, 0, 19.32%, 6, 0, 9, 116.06, 71215, 79, 6251, 0
347, 19, 11, 13, 0, 0, 19.32%, 6, 0, 9, 107.07, 71751, 79, 6282, 0
352, 19, 11, 13, 0, 0, 19.32%, 6, 0, 9, 100.88, 72281, 79, 6316, 0
357, 19, 11, 13, 0, 0, 19.32%, 6, 0, 9, 86.64, 72692, 79, 6403, 0
362, 19, 11, 13, 0, 0, 19.32%, 6, 0, 9, 88.48, 73128, 79, 6479, 0
367, 19, 11, 13, 0, 0, 19.32%, 6, 0, 9, 107.95, 73695, 79, 6495, 0
373, 19, 11, 13, 0, 0, 19.32%, 6, 0, 9, 116.83, 74335, 79, 6513, 0
378, 19, 11, 13, 0, 0, 19.32%, 6, 0, 9, 104.93, 74871, 79, 6531, 0
383, 19, 7, 13, 0, 0, 19.32%, 6, 0, 9, 117.52, 75495, 79, 6546, 0
388, 19, 7, 13, 0, 0, 19.32%, 6, 0, 9, 122.63, 76155, 79, 6562, 0
393, 20, 11, 13, 0, 0, 19.32%, 6, 0, 9, 135.07, 76789, 79, 6589, 0
398, 20, 5, 13, 0, 0, 19.32%, 7, 0, 9, 295.04, 78457, 79, 6634, 0
403, 21, 3, 13, 0, 0, 19.32%, 8, 0, 9, 320.94, 80181, 79, 6671, 0
408, 21, 11, 13, 0, 0, 19.32%, 9, 0, 9, 253.51, 81415, 79, 6750, 0
414, 21, 3, 13, 0, 0, 19.32%, 9, 0, 9, 245.08, 82523, 79, 6855, 0
419, 22, 11, 13, 0, 0, 19.32%, 9, 0, 9, 217.64, 83767, 79, 6992, 0
424, 22, 11, 13, 0, 0, 19.32%, 9, 0, 9, 192.91, 84725, 79, 7160, 0
429, 22, 11, 13, 0, 0, 19.32%, 9, 0, 9, 237.09, 85935, 79, 7290, 0
434, 23, 7, 13, 0, 0, 19.32%, 10, 0, 9, 318.61, 87571, 79, 7353, 0
439, 23, 3, 13, 0, 0, 19.32%, 10, 0, 9, 362.19, 89343, 79, 7391, 0
444, 24, 7, 13, 0, 0, 19.32%, 10, 0, 9, 316.23, 90978, 79, 7426, 0
449, 24, 11, 13, 0, 0, 19.32%, 10, 0, 9, 217.84, 91981, 79, 7610, 0
455, 24, 13, 17, 3, 0, 27.87%, 13, 0, 9, 255.93, 93487, 114, 7736, 0
460, 24, 13, 17, 3, 0, 27.87%, 14, 0, 9, 191.92, 94430, 114, 7922, 0
465, 24, 13, 21, 7, 0, 29.34%, 14, 0, 9, 184.71, 95289, 120, 8047, 0
470, 24, 13, 21, 7, 0, 29.34%, 14, 0, 9, 185.50, 96231, 120, 8201, 0
475, 24, 13, 21, 7, 0, 29.34%, 14, 0, 9, 179.24, 97125, 120, 8337, 0
480, 24, 13, 22, 8, 0, 29.58%, 14, 0, 9, 187.62, 98062, 121, 8511, 0
485, 24, 13, 22, 8, 0, 29.58%, 14, 0, 9, 186.60, 98992, 121, 8666, 0
491, 24, 13, 22, 8, 0, 29.58%, 14, 0, 9, 192.70, 99988, 121, 8835, 0
496, 24, 13, 22, 8, 0, 29.58%, 14, 0, 9, 190.45, 100951, 121, 8971, 0
501, 24, 13, 22, 8, 0, 29.58%, 14, 0, 9, 112.79, 101417, 121, 9041, 0
506, 24, 13, 22, 8, 0, 29.58%, 14, 0, 9, 87.67, 101840, 121, 9111, 0
511, 24, 13, 22, 8, 0, 29.58%, 14, 0, 9, 87.73, 102302, 121, 9201, 0
516, 24, 16, 22, 7, 5, 29.58%, 14, 0, 9, 168.19, 103085, 121, 9290, 0
521, 24, 16, 22, 7, 5, 29.58%, 15, 0, 9, 166.76, 103929, 121, 9459, 0
526, 24, 16, 23, 8, 5, 29.83%, 15, 0, 9, 178.92, 104839, 122, 9652, 0
531, 24, 16, 23, 8, 5, 29.83%, 15, 0, 9, 156.60, 105598, 122, 9804, 0
536, 24, 16, 23, 8, 5, 29.83%, 15, 0, 9, 169.85, 106495, 122, 9968, 0
541, 24, 20, 23, 7, 5, 29.83%, 15, 0, 9, 172.05, 107333, 122, 10099, 0
546, 24, 20, 23, 7, 5, 29.83%, 15, 0, 9, 162.78, 108101, 122, 10210, 0
552, 24, 18, 23, 6, 4, 29.83%, 16, 0, 9, 188.16, 109028, 122, 10321, 0
557, 24, 18, 23, 6, 4, 29.83%, 16, 0, 9, 164.14, 109814, 122, 10497, 0
562, 24, 18, 23, 6, 4, 29.83%, 17, 0, 9, 172.04, 110660, 122, 10670, 0
567, 24, 21, 23, 5, 3, 29.83%, 17, 0, 9, 168.60, 111573, 122, 10777, 0
572, 24, 22, 23, 4, 2, 29.83%, 17, 0, 9, 192.25, 112502, 122, 10895, 0
577, 24, 22, 23, 4, 2, 29.83%, 17, 0, 9, 148.66, 113197, 122, 11034, 0
582, 24, 22, 23, 4, 2, 29.83%, 17, 0, 9, 147.32, 113959, 122, 11198, 0
587, 24, 17, 24, 4, 1, 29.83%, 17, 0, 9, 185.90, 114941, 122, 11347, 0
592, 24, 17, 24, 4, 1, 29.83%, 17, 0, 9, 161.21, 115727, 122, 11454, 0
598, 24, 17, 25, 5, 1, 30.56%, 17, 0, 9, 168.37, 116625, 125, 11597, 0
603, 24, 17, 27, 7, 1, 33.50%, 17, 0, 9, 176.80, 117515, 137, 11723, 0
608, 24, 17, 28, 8, 1, 33.50%, 17, 0, 9, 181.63, 118473, 137, 11845, 0
613, 24, 17, 32, 12, 1, 36.19%, 17, 0, 9, 183.73, 119419, 148, 11956, 0
618, 24, 17, 35, 15, 1, 36.92%, 17, 0, 9, 186.10, 120412, 151, 12074, 0
623, 24, 17, 35, 15, 1, 36.92%, 17, 0, 9, 194.04, 121442, 151, 12205, 0
628, 24, 35, 37, 13, 4, 36.92%, 18, 0, 10, 258.99, 122876, 151, 12323, 0
634, 24, 26, 37, 12, 3, 36.92%, 18, 0, 10, 257.08, 124189, 151, 12413, 0
639, 24, 26, 39, 14, 3, 36.92%, 18, 0, 10, 254.80, 125468, 151, 12506, 0
644, 24, 26, 40, 15, 3, 37.16%, 18, 0, 10, 236.10, 126672, 152, 12596, 0
649, 24, 26, 40, 15, 3, 37.16%, 18, 0, 10, 225.57, 127848, 152, 12681, 0
654, 24, 26, 40, 15, 3, 37.16%, 18, 0, 10, 257.83, 129180, 152, 12783, 0
659, 24, 26, 41, 16, 3, 37.16%, 18, 0, 10, 238.62, 130307, 152, 12871, 0
664, 24, 36, 42, 16, 3, 37.41%, 18, 0, 11, 229.39, 131510, 153, 12984, 0
670, 24, 36, 42, 16, 3, 37.41%, 18, 0, 11, 214.98, 132622, 153, 13094, 0
675, 24, 36, 42, 16, 3, 37.41%, 18, 0, 11, 213.18, 133674, 153, 13208, 0
680, 24, 41, 42, 15, 3, 37.41%, 18, 0, 11, 203.07, 134682, 153, 13300, 0
685, 24, 38, 42, 14, 2, 37.41%, 18, 0, 11, 215.65, 135835, 153, 13415, 0
690, 24, 39, 42, 13, 1, 37.41%, 18, 0, 11, 235.80, 136955, 153, 13573, 0
695, 24, 39, 43, 14, 1, 37.41%, 18, 0, 11, 226.15, 138022, 153, 13785, 0
700, 24, 39, 44, 15, 1, 37.41%, 18, 0, 11, 218.35, 139105, 153, 13979, 0
705, 24, 39, 45, 16, 1, 37.65%, 18, 0, 11, 212.61, 140156, 154, 14161, 0
710, 24, 39, 45, 16, 1, 37.65%, 18, 0, 11, 126.19, 140694, 154, 14258, 0
715, 24, 39, 45, 16, 1, 37.65%, 18, 0, 11, 86.81, 141093, 154, 14319, 0
720, 24, 39, 45, 16, 1, 37.65%, 18, 0, 11, 74.02, 141434, 154, 14376, 0
725, 24, 39, 45, 16, 1, 37.65%, 18, 0, 11, 160.77, 142253, 154, 14520, 0
730, 24, 39, 45, 16, 1, 37.65%, 18, 0, 11, 227.63, 143409, 154, 14732, 0
735, 24, 26, 45, 14, 0, 37.65%, 18, 0, 11, 253.89, 144723, 154, 14938, 0
741, 24, 26, 46, 15, 0, 37.65%, 18, 0, 11, 264.55, 146045, 154, 15172, 0
746, 24, 26, 47, 16, 0, 37.65%, 18, 0, 11, 265.77, 147442, 154, 15424, 0
751, 24, 26, 47, 16, 0, 37.65%, 18, 0, 11, 247.19, 148702, 154, 15656, 0
756, 24, 26, 47, 16, 0, 37.65%, 18, 0, 11, 272.63, 150112, 154, 15895, 0
761, 24, 33, 47, 15, 0, 37.65%, 18, 0, 11, 285.62, 151528, 154, 16116, 0
766, 24, 7, 47, 14, 0, 37.65%, 18, 0, 11, 289.35, 152991, 154, 16230, 0
771, 24, 27, 47, 14, 0, 37.65%, 18, 0, 11, 274.67, 154346, 154, 16385, 0
777, 24, 21, 47, 13, 0, 37.65%, 18, 0, 11, 270.85, 155766, 154, 16852, 0
782, 24, 42, 47, 13, 0, 37.65%, 18, 0, 11, 257.88, 157046, 154, 16952, 0
787, 24, 31, 47, 12, 0, 37.65%, 18, 0, 11, 300.21, 158511, 154, 17020, 0
792, 24, 43, 47, 11, 0, 37.65%, 18, 0, 11, 289.44, 160059, 154, 17238, 0
797, 24, 44, 47, 10, 0, 37.65%, 18, 0, 11, 253.65, 161324, 154, 17475, 0
802, 24, 44, 49, 12, 0, 38.14%, 20, 0, 12, 239.84, 162494, 156, 17723, 0
807, 24, 25, 49, 10, 1, 38.14%, 20, 0, 12, 259.07, 163805, 156, 17961, 0
812, 24, 47, 50, 9, 1, 38.14%, 21, 0, 13, 285.55, 165194, 156, 18242, 0
817, 24, 47, 50, 9, 1, 38.14%, 21, 0, 13, 282.74, 166564, 156, 18540, 0
823, 24, 47, 51, 10, 1, 38.14%, 21, 0, 13, 272.93, 167951, 156, 18803, 0
828, 24, 47, 51, 10, 1, 38.14%, 21, 0, 13, 275.58, 169386, 156, 19095, 0
833, 24, 47, 51, 10, 1, 38.14%, 21, 0, 13, 277.25, 170826, 156, 19386, 0
838, 24, 47, 51, 10, 1, 38.14%, 21, 0, 13, 295.01, 172326, 156, 19681, 0
843, 24, 47, 51, 10, 1, 38.14%, 21, 0, 13, 300.20, 173854, 156, 20003, 0
848, 24, 47, 51, 10, 1, 38.14%, 21, 0, 13, 276.36, 175241, 156, 20272, 0
853, 24, 47, 51, 10, 1, 38.14%, 21, 0, 13, 279.65, 176651, 156, 20550, 0
858, 24, 47, 51, 10, 1, 38.14%, 21, 0, 13, 281.75, 178061, 156, 20830, 0
863, 24, 47, 51, 10, 1, 38.14%, 21, 0, 13, 242.51, 179291, 156, 21069, 0
868, 24, 28, 51, 7, 0, 38.14%, 21, 0, 13, 252.92, 180610, 156, 21177, 0
874, 25, 29, 51, 6, 0, 38.14%, 21, 0, 13, 242.31, 181782, 156, 21376, 0
879, 25, 45, 51, 4, 0, 38.14%, 21, 0, 13, 249.61, 182993, 156, 21574, 0
884, 25, 23, 51, 3, 0, 38.14%, 21, 0, 13, 221.56, 184105, 156, 21712, 0
889, 25, 48, 51, 2, 0, 38.14%, 21, 0, 13, 227.23, 185255, 156, 21849, 0
894, 25, 22, 51, 2, 0, 38.14%, 21, 0, 13, 215.76, 186327, 156, 21967, 0
899, 25, 48, 52, 2, 0, 38.14%, 21, 0, 13, 241.43, 187538, 156, 22144, 0
904, 25, 22, 52, 2, 0, 38.14%, 21, 0, 13, 217.74, 188662, 156, 22256, 0
909, 25, 48, 52, 2, 0, 38.14%, 21, 0, 13, 222.49, 189808, 156, 22432, 0
914, 25, 51, 52, 2, 0, 38.14%, 21, 0, 13, 225.87, 190979, 156, 22640, 0
919, 25, 11, 52, 1, 0, 38.14%, 21, 0, 13, 219.11, 192083, 156, 22858, 0
925, 25, 50, 52, 1, 0, 38.14%, 21, 0, 13, 234.56, 193245, 156, 22997, 0
930, 25, 51, 52, 1, 0, 38.14%, 21, 0, 13, 224.96, 194383, 156, 23144, 0
935, 25, 51, 52, 1, 0, 38.14%, 21, 0, 13, 231.93, 195599, 156, 23261, 0
940, 25, 29, 52, 1, 0, 38.14%, 21, 0, 13, 254.23, 196909, 156, 23436, 0
945, 25, 35, 53, 2, 0, 38.14%, 21, 0, 13, 220.02, 198076, 156, 23591, 0
950, 25, 51, 53, 2, 0, 38.14%, 21, 0, 13, 215.20, 199137, 156, 23723, 0
955, 25, 51, 54, 3, 0, 38.14%, 21, 0, 14, 208.32, 200188, 156, 23870, 0
960, 25, 51, 54, 3, 0, 38.14%, 21, 0, 14, 205.56, 201248, 156, 23991, 0
965, 25, 35, 54, 3, 0, 38.14%, 21, 0, 14, 225.20, 202392, 156, 24132, 0
970, 26, 20, 54, 3, 0, 38.14%, 21, 0, 14, 195.53, 203336, 156, 24274, 0
976, 26, 51, 54, 3, 0, 38.14%, 21, 0, 14, 216.44, 204522, 156, 24399, 0
981, 26, 51, 54, 3, 0, 38.14%, 21, 0, 14, 217.70, 205662, 156, 24633, 0
986, 26, 27, 54, 3, 0, 38.14%, 21, 0, 14, 190.05, 206634, 156, 24828, 0
991, 26, 12, 54, 3, 0, 38.14%, 21, 0, 14, 197.43, 207671, 156, 24955, 0
996, 26, 11, 54, 3, 0, 38.14%, 21, 0, 14, 210.72, 208765, 156, 25059, 0
1001, 26, 52, 54, 3, 0, 38.14%, 21, 0, 14, 221.90, 209901, 156, 25212, 0
1006, 26, 15, 54, 2, 0, 38.14%, 21, 0, 14, 214.19, 211029, 156, 25416, 0
1011, 26, 20, 54, 2, 0, 38.14%, 21, 0, 14, 241.73, 212284, 156, 25488, 0
1016, 26, 52, 54, 2, 0, 38.14%, 21, 0, 14, 220.05, 213376, 156, 25606, 0
1022, 26, 53, 54, 2, 0, 38.14%, 21, 0, 14, 233.00, 214658, 156, 25750, 0
1027, 26, 53, 54, 2, 0, 38.14%, 21, 0, 14, 235.91, 215802, 156, 25881, 0
1032, 26, 20, 54, 1, 0, 38.14%, 21, 0, 14, 227.42, 216935, 156, 26050, 0
1037, 26, 52, 54, 1, 0, 38.14%, 21, 0, 14, 198.41, 217973, 156, 26140, 0
1042, 26, 51, 54, 1, 0, 38.14%, 21, 0, 14, 230.24, 219137, 156, 26337, 0
1047, 26, 51, 55, 2, 0, 38.14%, 21, 0, 14, 210.58, 220188, 156, 26586, 0
1052, 26, 51, 55, 2, 0, 38.14%, 21, 0, 14, 223.41, 221352, 156, 26832, 0
1058, 26, 14, 55, 1, 0, 38.14%, 21, 0, 14, 212.65, 222482, 156, 27014, 0
1063, 26, 35, 55, 0, 0, 38.14%, 21, 0, 14, 236.32, 223626, 156, 27165, 0
1068, 26, 54, 55, 0, 0, 38.14%, 21, 0, 14, 244.89, 224887, 156, 27279, 0
1073, 26, 4, 55, 0, 0, 38.14%, 21, 0, 14, 249.49, 226109, 156, 27391, 0
1078, 27, 52, 55, 0, 0, 38.14%, 21, 0, 14, 222.29, 227205, 156, 27512, 0
1083, 27, 54, 55, 0, 0, 38.14%, 21, 0, 14, 215.80, 228315, 156, 27736, 0
1089, 27, 54, 55, 0, 0, 38.14%, 21, 0, 14, 212.21, 229407, 156, 27915, 0
1094, 27, 52, 55, 0, 0, 38.14%, 21, 0, 14, 219.41, 230527, 156, 28130, 0
1099, 27, 22, 55, 0, 0, 38.14%, 21, 0, 14, 221.24, 231643, 156, 28325, 0
1104, 27, 22, 55, 0, 0, 38.14%, 21, 0, 14, 215.42, 232734, 156, 28484, 0
1109, 27, 52, 55, 0, 0, 38.14%, 21, 0, 14, 209.95, 233831, 156, 28710, 0
1114, 27, 54, 56, 1, 0, 38.14%, 21, 0, 15, 231.34, 235058, 156, 28969, 0
1119, 27, 54, 56, 1, 0, 38.14%, 21, 0, 15, 232.81, 236242, 156, 29226, 0
1124, 27, 11, 56, 1, 0, 38.14%, 21, 0, 15, 232.86, 237478, 156, 29496, 0
1130, 27, 22, 56, 1, 0, 38.14%, 21, 0, 15, 179.83, 238313, 156, 29565, 0
1135, 27, 11, 56, 1, 0, 38.14%, 21, 0, 15, 154.61, 239108, 156, 29611, 0
1197, 27, 3, 56, 1, 0, 38.14%, 21, 0, 15, 0.69, 239339, 156, 29631, 0
1202, 27, 52, 56, 1, 0, 38.14%, 21, 0, 15, 149.41, 240090, 156, 29759, 0
1207, 27, 35, 56, 1, 0, 38.14%, 21, 0, 15, 176.08, 240939, 156, 29919, 0
1212, 27, 55, 57, 2, 0, 38.14%, 21, 0, 16, 305.70, 242574, 156, 30179, 0
1217, 27, 55, 59, 4, 0, 38.39%, 21, 0, 16, 322.62, 244310, 157, 30564, 0
1222, 27, 55, 59, 4, 0, 38.39%, 21, 0, 16, 359.07, 246188, 157, 30952, 0
1227, 27, 55, 59, 4, 0, 38.39%, 21, 0, 16, 354.80, 248134, 157, 31393, 0
1233, 27, 55, 59, 4, 0, 38.39%, 21, 0, 16, 336.56, 249848, 157, 31814, 0
1238, 27, 55, 59, 4, 0, 38.39%, 21, 0, 16, 389.92, 251872, 157, 32259, 0
1243, 27, 55, 59, 4, 0, 38.39%, 21, 0, 16, 381.17, 253755, 157, 32658, 0
1248, 27, 56, 59, 2, 1, 38.39%, 21, 0, 16, 392.21, 255796, 157, 33007, 0
1253, 27, 52, 59, 1, 0, 38.39%, 21, 0, 16, 373.14, 257700, 157, 33209, 0
1258, 27, 4, 59, 1, 0, 38.39%, 21, 0, 16, 331.23, 259261, 157, 33412, 0
1263, 27, 11, 59, 1, 0, 38.39%, 21, 0, 16, 389.40, 261287, 157, 33872, 0
1268, 28, 57, 59, 1, 0, 38.39%, 21, 0, 16, 435.46, 263528, 157, 34191, 0
1274, 28, 58, 59, 0, 0, 38.39%, 21, 0, 16, 371.54, 265503, 157, 34639, 0
1279, 28, 15, 59, 0, 0, 38.39%, 21, 0, 16, 363.61, 267325, 157, 34995, 0
1284, 28, 56, 59, 0, 0, 38.39%, 21, 0, 16, 378.86, 269180, 157, 35217, 0
1289, 28, 56, 59, 0, 0, 38.39%, 21, 0, 16, 359.41, 270909, 157, 35455, 0
1294, 28, 50, 60, 1, 0, 38.39%, 21, 0, 16, 427.65, 273170, 157, 35926, 0
1299, 28, 3, 61, 0, 0, 38.39%, 21, 0, 16, 430.06, 275345, 157, 36328, 0
1304, 28, 58, 61, 0, 0, 38.39%, 21, 0, 16, 429.34, 277435, 157, 36807, 0
1309, 28, 58, 61, 0, 0, 38.39%, 21, 0, 16, 343.59, 279035, 157, 37232, 0
1315, 28, 11, 61, 0, 0, 38.39%, 21, 0, 16, 354.26, 280855, 157, 37466, 0
1320, 28, 59, 62, 1, 0, 38.39%, 21, 0, 16, 340.74, 282496, 157, 37692, 0
1325, 28, 59, 62, 1, 0, 38.39%, 21, 0, 16, 333.60, 284242, 157, 38079, 0
1330, 28, 59, 62, 1, 0, 38.39%, 21, 0, 16, 334.31, 286030, 157, 38468, 0
1335, 28, 59, 62, 1, 0, 38.39%, 21, 0, 16, 342.95, 287728, 157, 38834, 0
1340, 28, 20, 63, 1, 0, 38.39%, 21, 0, 16, 352.69, 289622, 157, 39208, 0
1345, 28, 20, 63, 0, 0, 38.39%, 21, 0, 16, 610.44, 293087, 157, 39286, 0
1350, 28, 58, 63, 0, 0, 38.39%, 21, 0, 16, 290.85, 294668, 157, 39606, 0
1356, 28, 58, 63, 0, 0, 38.39%, 21, 0, 16, 382.72, 296589, 157, 40026, 0
1361, 28, 57, 63, 0, 0, 38.39%, 21, 0, 16, 349.03, 298407, 157, 40364, 0
1366, 28, 35, 63, 0, 0, 38.39%, 21, 0, 16, 340.75, 300037, 157, 40614, 0
1371, 28, 61, 63, 0, 0, 38.39%, 21, 0, 16, 386.16, 302112, 157, 41067, 0
1376, 28, 58, 63, 0, 0, 38.39%, 21, 0, 16, 438.12, 304335, 157, 41537, 0
1381, 28, 58, 63, 0, 0, 38.39%, 21, 0, 16, 366.28, 306102, 157, 41804, 0
1386, 28, 61, 63, 0, 0, 38.39%, 21, 0, 16, 333.15, 307717, 157, 42193, 0
1391, 28, 61, 63, 0, 0, 38.39%, 21, 0, 16, 328.41, 309343, 157, 42402, 0
1396, 28, 59, 63, 0, 0, 38.39%, 21, 0, 16, 352.64, 311185, 157, 42586, 0
1401, 28, 59, 63, 0, 0, 38.39%, 21, 0, 16, 349.25, 313042, 157, 42794, 0
1406, 28, 57, 63, 0, 0, 38.39%, 21, 0, 16, 321.06, 314567, 157, 43018, 0
1411, 29, 61, 63, 0, 0, 38.39%, 21, 0, 16, 331.83, 316329, 157, 43270, 0
1416, 29, 61, 63, 0, 0, 38.39%, 21, 0, 16, 330.49, 318117, 157, 43575, 0
1422, 29, 61, 63, 0, 0, 38.39%, 21, 0, 16, 368.89, 319963, 157, 43908, 0
1427, 29, 61, 64, 1, 0, 38.39%, 21, 0, 16, 409.41, 322252, 157, 44417, 0
1432, 29, 41, 64, 1, 0, 38.39%, 21, 0, 16, 443.32, 324517, 157, 44796, 0
1437, 29, 16, 64, 1, 0, 38.39%, 21, 0, 16, 355.23, 326121, 157, 45108, 0
1442, 29, 61, 65, 2, 0, 38.39%, 21, 0, 16, 358.27, 327932, 157, 45392, 0
1447, 29, 61, 65, 2, 0, 38.39%, 21, 0, 16, 350.60, 329731, 157, 45650, 0
1452, 29, 63, 65, 2, 0, 38.39%, 21, 0, 16, 371.34, 331554, 157, 45914, 0
1457, 29, 63, 65, 2, 0, 38.39%, 21, 0, 16, 339.57, 333209, 157, 46095, 0
1462, 29, 64, 65, 1, 0, 38.39%, 21, 0, 16, 369.33, 335039, 157, 46346, 0
1467, 29, 35, 65, 0, 0, 38.39%, 21, 0, 16, 343.36, 336862, 157, 46746, 0
1472, 29, 22, 65, 0, 0, 38.39%, 21, 0, 16, 318.69, 338512, 157, 47044, 0
1478, 29, 52, 65, 0, 0, 38.39%, 21, 0, 16, 346.26, 340237, 157, 47313, 0
1483, 29, 20, 65, 0, 0, 38.39%, 21, 0, 16, 327.28, 341838, 157, 47569, 0
1488, 29, 35, 65, 0, 0, 38.39%, 21, 0, 16, 297.98, 343294, 157, 47790, 0
1493, 29, 20, 65, 0, 0, 38.39%, 21, 0, 16, 310.23, 344903, 157, 48049, 0
1498, 29, 61, 65, 0, 0, 38.39%, 21, 0, 16, 330.39, 346529, 157, 48386, 0
1503, 29, 61, 65, 0, 0, 38.39%, 21, 0, 16, 375.49, 348526, 157, 48834, 0
1508, 30, 22, 65, 0, 0, 38.39%, 21, 0, 16, 333.88, 350251, 157, 49155, 0
1513, 30, 61, 65, 0, 0, 38.39%, 21, 0, 16, 353.45, 352065, 157, 49480, 0
1518, 30, 61, 65, 0, 0, 38.39%, 21, 0, 16, 313.92, 353667, 157, 49820, 0
1523, 30, 61, 65, 0, 0, 38.39%, 21, 0, 16, 321.21, 355359, 157, 50062, 0
1528, 30, 20, 65, 0, 0, 38.39%, 21, 0, 16, 352.08, 357192, 157, 50382, 0
1534, 30, 58, 65, 0, 0, 38.39%, 21, 0, 16, 384.97, 359122, 157, 50652, 0
1539, 30, 58, 65, 0, 0, 38.39%, 21, 0, 16, 362.84, 360985, 157, 50906, 0
1544, 30, 52, 65, 0, 0, 38.39%, 21, 0, 16, 405.92, 362992, 157, 51101, 0
1549, 30, 61, 66, 1, 0, 38.39%, 21, 0, 16, 345.76, 364876, 157, 51304, 0
1554, 30, 61, 66, 1, 0, 38.39%, 21, 0, 16, 314.60, 366472, 157, 51573, 0
1559, 30, 61, 66, 1, 0, 38.39%, 21, 0, 16, 370.12, 368439, 157, 51948, 0
1564, 30, 58, 66, 1, 0, 38.39%, 21, 0, 16, 341.67, 370088, 157, 52281, 0
1570, 30, 15, 66, 1, 0, 38.39%, 21, 0, 16, 274.08, 371430, 157, 52516, 0
1575, 31, 61, 66, 1, 0, 38.39%, 21, 0, 16, 328.52, 373168, 157, 52793, 0
1580, 31, 12, 66, 1, 0, 38.39%, 21, 0, 16, 326.68, 374726, 157, 53036, 0
1585, 31, 52, 66, 1, 0, 38.39%, 21, 0, 16, 323.11, 376323, 157, 53237, 0
1590, 31, 61, 66, 1, 0, 38.39%, 21, 0, 16, 292.05, 377740, 157, 53469, 0
1595, 31, 61, 66, 1, 0, 38.39%, 21, 0, 16, 371.39, 379681, 157, 53884, 0
1600, 31, 22, 66, 1, 0, 38.39%, 21, 0, 16, 350.19, 381414, 157, 54169, 0
1605, 31, 63, 66, 1, 0, 38.39%, 21, 0, 16, 385.52, 383377, 157, 54485, 0
1610, 31, 57, 66, 1, 0, 38.39%, 21, 0, 16, 410.77, 385588, 157, 54951, 0
1616, 31, 65, 66, 1, 0, 38.39%, 21, 0, 16, 409.52, 387583, 157, 55123, 0
1621, 31, 65, 67, 2, 0, 38.39%, 21, 0, 17, 355.41, 389350, 157, 55330, 0
1626, 31, 20, 67, 1, 0, 38.39%, 21, 0, 17, 431.52, 391552, 157, 55523, 0
1631, 31, 58, 67, 1, 0, 38.39%, 21, 0, 17, 333.96, 393107, 157, 55729, 0
1636, 31, 15, 67, 1, 0, 38.39%, 21, 0, 17, 342.75, 394911, 157, 55990, 0
1641, 31, 64, 68, 2, 0, 38.39%, 21, 0, 17, 406.81, 396994, 157, 56477, 0
1646, 31, 52, 68, 2, 0, 38.39%, 21, 0, 17, 370.62, 398930, 157, 56967, 0
1651, 31, 66, 69, 3, 0, 38.39%, 21, 0, 18, 364.02, 400796, 157, 57169, 0
1656, 31, 66, 69, 3, 0, 38.39%, 21, 0, 18, 342.25, 402459, 157, 57403, 0
1662, 32, 68, 69, 2, 0, 38.39%, 21, 0, 18, 357.41, 404256, 157, 57720, 0
1667, 32, 52, 69, 1, 0, 38.39%, 21, 0, 18, 437.53, 406983, 157, 57883, 0
1672, 32, 20, 69, 1, 0, 38.39%, 21, 0, 18, 381.13, 408900, 157, 58244, 0
1677, 32, 58, 69, 1, 0, 38.39%, 21, 0, 18, 509.97, 411468, 157, 58464, 0
1682, 32, 52, 69, 0, 0, 38.39%, 21, 0, 18, 394.77, 413361, 157, 58782, 0
1687, 32, 15, 69, 0, 0, 38.39%, 21, 0, 18, 343.25, 415044, 157, 58994, 0
1692, 32, 20, 69, 0, 0, 38.39%, 21, 0, 18, 322.59, 416725, 157, 59260, 0
1697, 32, 16, 69, 0, 0, 38.39%, 21, 0, 18, 365.08, 418556, 157, 59474, 0
1702, 32, 56, 69, 0, 0, 38.39%, 21, 0, 18, 369.28, 420405, 157, 59735, 0
1708, 32, 52, 69, 0, 0, 38.39%, 21, 0, 18, 348.77, 422220, 157, 60108, 0
1713, 32, 58, 69, 0, 0, 38.39%, 21, 0, 18, 371.15, 424111, 157, 60405, 0
1718, 33, 20, 69, 0, 0, 38.39%, 21, 0, 18, 345.45, 425964, 157, 60734, 0
1723, 33, 58, 69, 0, 0, 38.39%, 21, 0, 18, 376.92, 427879, 157, 61015, 0
1728, 33, 52, 69, 0, 0, 38.39%, 21, 0, 18, 409.21, 430039, 157, 61411, 0
1733, 33, 52, 69, 0, 0, 38.39%, 21, 0, 18, 307.28, 431521, 157, 61610, 0
1738, 33, 15, 69, 0, 0, 38.39%, 21, 0, 18, 334.05, 433302, 157, 62005, 0
1744, 33, 34, 69, 0, 0, 38.39%, 21, 0, 18, 362.81, 435227, 157, 62355, 0
1749, 33, 22, 69, 0, 0, 38.39%, 21, 0, 18, 322.14, 436816, 157, 62612, 0
1754, 33, 15, 69, 0, 0, 38.39%, 21, 0, 18, 348.49, 438658, 157, 62933, 0
1759, 33, 52, 69, 0, 0, 38.39%, 21, 0, 18, 345.01, 440344, 157, 63203, 0
1764, 33, 20, 69, 0, 0, 38.39%, 21, 0, 18, 318.50, 441919, 157, 63403, 0
1769, 33, 15, 69, 0, 0, 38.39%, 21, 0, 18, 336.51, 443651, 157, 63679, 0
1775, 34, 15, 69, 0, 0, 38.39%, 21, 0, 18, 377.72, 445624, 157, 63864, 0
1780, 34, 20, 69, 0, 0, 38.39%, 21, 0, 18, 347.30, 447397, 157, 64168, 0
1785, 34, 58, 69, 0, 0, 38.39%, 21, 0, 18, 303.99, 448902, 157, 64376, 0
1790, 34, 15, 69, 0, 0, 38.39%, 21, 0, 18, 362.69, 450822, 157, 64619, 0
1795, 34, 20, 69, 0, 0, 38.39%, 21, 0, 18, 324.42, 452454, 157, 64903, 0
1800, 34, 52, 69, 0, 0, 38.39%, 21, 0, 18, 353.60, 454332, 157, 65194, 0
1805, 34, 61, 69, 0, 0, 38.39%, 21, 0, 18, 355.36, 456151, 157, 65530, 0
1811, 34, 61, 69, 0, 0, 38.39%, 21, 0, 18, 335.02, 457940, 157, 65843, 0
1816, 34, 58, 69, 0, 0, 38.39%, 21, 0, 18, 339.36, 459742, 157, 66137, 0
1821, 34, 0, 69, 0, 0, 38.39%, 21, 0, 18, 351.58, 461525, 157, 66528, 0
1826, 34, 61, 69, 0, 0, 38.39%, 21, 0, 18, 332.22, 463160, 157, 66822, 0
1831, 35, 61, 69, 0, 0, 38.39%, 21, 0, 18, 348.32, 464805, 157, 67050, 0
1836, 35, 61, 69, 0, 0, 38.39%, 21, 0, 18, 363.05, 466654, 157, 67429, 0
1841, 35, 68, 69, 0, 0, 38.39%, 21, 0, 18, 337.32, 468308, 157, 67716, 0
1846, 35, 59, 69, 0, 0, 38.39%, 21, 0, 18, 325.80, 469890, 157, 68010, 0
1851, 35, 62, 69, 0, 0, 38.39%, 21, 0, 18, 384.56, 471687, 157, 68205, 0
1857, 35, 61, 70, 1, 0, 38.39%, 21, 0, 18, 328.89, 473165, 157, 68409, 0
1862, 35, 69, 71, 2, 0, 38.39%, 21, 0, 18, 491.88, 475656, 157, 68937, 0
1867, 35, 58, 71, 1, 0, 38.39%, 21, 0, 18, 439.01, 478021, 157, 69463, 0
1872, 35, 52, 71, 1, 0, 38.39%, 21, 0, 18, 414.06, 480253, 157, 69790, 0
1877, 35, 52, 71, 1, 0, 38.39%, 21, 0, 18, 352.02, 481999, 157, 70018, 0
1882, 35, 43, 71, 1, 0, 38.39%, 21, 0, 18, 375.64, 483973, 157, 70346, 0
1887, 35, 52, 71, 1, 0, 38.39%, 21, 0, 18, 310.42, 485405, 157, 70558, 0
1892, 35, 70, 72, 2, 0, 38.39%, 21, 0, 18, 489.96, 487795, 157, 71085, 0
1897, 35, 41, 72, 1, 0, 38.39%, 21, 0, 18, 476.79, 490238, 157, 71867, 0
1902, 36, 71, 72, 1, 0, 38.39%, 21, 0, 18, 461.99, 492306, 157, 72156, 0
1907, 36, 60, 72, 0, 0, 38.39%, 21, 0, 18, 506.15, 495076, 157, 72909, 0
1913, 36, 61, 72, 0, 0, 38.39%, 21, 0, 18, 392.28, 496910, 157, 73236, 0
1918, 36, 60, 72, 0, 0, 38.39%, 21, 0, 18, 307.38, 498332, 157, 73481, 0
1923, 36, 52, 72, 0, 0, 38.39%, 21, 0, 18, 314.81, 500068, 157, 73767, 0
1928, 36, 67, 73, 1, 0, 38.39%, 21, 0, 18, 407.80, 502225, 157, 74081, 0
1933, 36, 58, 73, 1, 0, 38.39%, 21, 0, 18, 382.62, 504376, 157, 74516, 0
1938, 36, 11, 73, 1, 0, 38.39%, 21, 0, 18, 394.73, 506380, 157, 74868, 0
1944, 36, 72, 73, 1, 0, 38.39%, 21, 0, 18, 344.66, 508182, 157, 75214, 0
1949, 36, 65, 73, 0, 0, 38.39%, 21, 0, 18, 342.83, 509970, 157, 75462, 0
1954, 36, 20, 73, 0, 0, 38.39%, 21, 0, 18, 343.56, 511931, 157, 75706, 0
1959, 36, 11, 73, 0, 0, 38.39%, 21, 0, 18, 319.09, 513534, 157, 75877, 0
1964, 36, 71, 73, 0, 0, 38.39%, 21, 0, 18, 361.09, 515392, 157, 76238, 0
1969, 36, 71, 73, 0, 0, 38.39%, 21, 0, 18, 347.41, 517118, 157, 76689, 0
1975, 36, 20, 73, 0, 0, 38.39%, 21, 0, 18, 377.54, 519123, 157, 77054, 0
1980, 37, 64, 73, 0, 0, 38.39%, 21, 0, 18, 500.62, 521748, 157, 77597, 0
1985, 37, 20, 73, 0, 0, 38.39%, 21, 0, 18, 359.83, 523398, 157, 77862, 0
1990, 37, 22, 73, 0, 0, 38.39%, 21, 0, 18, 317.65, 524943, 157, 78165, 0
1995, 37, 52, 73, 0, 0, 38.39%, 21, 0, 18, 334.02, 526712, 157, 78457, 0
2000, 37, 35, 73, 0, 0, 38.39%, 21, 0, 18, 424.16, 529137, 157, 78932, 0
2005, 37, 65, 73, 0, 0, 38.39%, 21, 0, 18, 375.34, 530892, 157, 79213, 0
2010, 37, 58, 73, 0, 0, 38.39%, 21, 0, 18, 376.66, 532777, 157, 79545, 0
2015, 37, 15, 73, 0, 0, 38.39%, 21, 0, 18, 297.07, 534202, 157, 79830, 0
2020, 37, 71, 73, 0, 0, 38.39%, 21, 0, 18, 405.09, 536235, 157, 80343, 0
2026, 37, 71, 74, 1, 0, 38.39%, 21, 0, 19, 470.13, 538765, 157, 81230, 0
2031, 37, 35, 74, 1, 0, 38.39%, 21, 0, 19, 409.94, 540823, 157, 81799, 0
2036, 37, 73, 74, 1, 0, 38.39%, 21, 0, 19, 359.34, 542565, 157, 82106, 0
2041, 37, 52, 74, 0, 0, 38.39%, 21, 0, 19, 341.36, 544341, 157, 82557, 0
2046, 37, 22, 74, 0, 0, 38.39%, 21, 0, 19, 408.79, 546607, 157, 82796, 0
2051, 37, 15, 74, 0, 0, 38.39%, 21, 0, 19, 388.51, 548541, 157, 83132, 0
2056, 38, 22, 74, 0, 0, 38.39%, 21, 0, 19, 343.39, 550204, 157, 83356, 0
2061, 38, 61, 74, 0, 0, 38.39%, 21, 0, 19, 346.09, 551888, 157, 83653, 0
2066, 38, 68, 74, 0, 0, 38.39%, 21, 0, 19, 399.75, 553773, 157, 83933, 0
2071, 38, 69, 74, 0, 0, 38.39%, 21, 0, 19, 373.35, 555809, 157, 84216, 0
2077, 38, 52, 74, 0, 0, 38.39%, 21, 0, 19, 377.41, 557730, 157, 84652, 0
2082, 38, 50, 74, 0, 0, 38.39%, 21, 0, 19, 330.99, 559422, 157, 85011, 0
2087, 38, 70, 74, 0, 0, 38.39%, 21, 0, 19, 384.78, 561274, 157, 85452, 0
2092, 38, 54, 74, 0, 0, 38.39%, 21, 0, 19, 400.01, 563329, 157, 85880, 0
2097, 38, 20, 74, 0, 0, 38.39%, 21, 0, 19, 290.69, 564729, 157, 86060, 0
2102, 38, 15, 74, 0, 0, 38.39%, 21, 0, 19, 337.26, 566500, 157, 86395, 0
2107, 38, 69, 74, 0, 0, 38.39%, 21, 0, 19, 343.57, 568258, 157, 86776, 0
2112, 38, 71, 74, 0, 0, 38.39%, 21, 0, 19, 428.33, 570382, 157, 87230, 0
2117, 38, 58, 74, 0, 0, 38.39%, 21, 0, 19, 449.11, 573070, 157, 87975, 0
2122, 39, 22, 74, 0, 0, 38.39%, 21, 0, 19, 392.42, 574990, 157, 88214, 0
2128, 39, 63, 74, 0, 0, 38.39%, 21, 0, 19, 379.75, 576848, 157, 88658, 0
2133, 39, 70, 74, 0, 0, 38.39%, 21, 0, 19, 417.17, 578990, 157, 89141, 0
2138, 39, 15, 74, 0, 0, 38.39%, 21, 0, 19, 392.52, 581034, 157, 89630, 0
2143, 39, 52, 74, 0, 0, 38.39%, 21, 0, 19, 340.51, 582627, 157, 89904, 0
2148, 39, 58, 74, 0, 0, 38.39%, 21, 0, 19, 310.06, 584063, 157, 90222, 0
2153, 39, 63, 74, 0, 0, 38.39%, 21, 0, 19, 381.20, 585939, 157, 90546, 0
2158, 39, 62, 74, 0, 0, 38.39%, 21, 0, 19, 404.04, 587867, 157, 90817, 0
2163, 39, 71, 74, 0, 0, 38.39%, 21, 0, 19, 429.57, 589975, 157, 91499, 0
2168, 39, 52, 74, 0, 0, 38.39%, 21, 0, 19, 369.61, 591838, 157, 91847, 0
2173, 39, 3, 74, 0, 0, 38.39%, 21, 0, 19, 369.23, 593641, 157, 92150, 0
2178, 39, 22, 74, 0, 0, 38.39%, 21, 0, 19, 378.92, 595608, 157, 92438, 0
2183, 39, 15, 74, 0, 0, 38.39%, 21, 0, 19, 405.51, 597642, 157, 92684, 0
2188, 40, 20, 74, 0, 0, 38.39%, 21, 0, 19, 341.79, 599288, 157, 92884, 0
2194, 40, 15, 74, 0, 0, 38.39%, 21, 0, 19, 329.50, 600991, 157, 93138, 0
2199, 40, 68, 74, 0, 0, 38.39%, 21, 0, 19, 344.27, 602857, 157, 93412, 0
2204, 40, 72, 74, 0, 0, 38.39%, 21, 0, 19, 355.58, 604736, 157, 93631, 0
2209, 40, 22, 74, 0, 0, 38.39%, 21, 0, 19, 406.04, 606698, 157, 93949, 0
2214, 40, 72, 74, 0, 0, 38.39%, 21, 0, 19, 364.85, 608540, 157, 94277, 0
2219, 40, 73, 74, 0, 0, 38.39%, 21, 0, 19, 346.77, 610378, 157, 94728, 0
2224, 40, 35, 74, 0, 0, 38.39%, 21, 0, 19, 383.29, 612420, 157, 94978, 0
2229, 40, 15, 74, 0, 0, 38.39%, 21, 0, 19, 360.01, 614210, 157, 95300, 0
2234, 40, 36, 74, 0, 0, 38.39%, 21, 0, 19, 287.59, 615546, 157, 95499, 0
2240, 40, 24, 74, 0, 0, 38.39%, 21, 0, 19, 385.38, 617594, 157, 95962, 0
2245, 40, 15, 74, 0, 0, 38.39%, 21, 0, 19, 314.29, 619175, 157, 96222, 0
2250, 40, 15, 74, 0, 0, 38.39%, 21, 0, 19, 347.46, 620950, 157, 96459, 0
2255, 40, 73, 74, 0, 0, 38.39%, 21, 0, 19, 411.58, 622988, 157, 96921, 0
2260, 40, 61, 74, 0, 0, 38.39%, 21, 0, 19, 336.71, 624699, 157, 97211, 0
2265, 41, 20, 74, 0, 0, 38.39%, 21, 0, 19, 292.68, 626270, 157, 97436, 0
2270, 41, 20, 74, 0, 0, 38.39%, 21, 0, 19, 273.97, 627665, 157, 97661, 0
2276, 41, 22, 74, 0, 0, 38.39%, 21, 0, 19, 310.17, 629179, 157, 97893, 0
2281, 41, 20, 74, 0, 0, 38.39%, 21, 0, 19, 356.07, 630961, 157, 98101, 0
2286, 41, 11, 74, 0, 0, 38.39%, 21, 0, 19, 354.36, 632764, 157, 98435, 0
2291, 41, 61, 74, 0, 0, 38.39%, 21, 0, 19, 370.03, 634676, 157, 98817, 0
2296, 41, 58, 74, 0, 0, 38.39%, 21, 0, 19, 357.22, 636667, 157, 99128, 0
2301, 41, 70, 75, 1, 0, 38.39%, 21, 0, 19, 372.16, 638624, 157, 99587, 0
2306, 41, 20, 75, 1, 0, 38.39%, 21, 0, 19, 412.48, 640800, 157, 100232, 0
2311, 41, 61, 75, 1, 0, 38.39%, 21, 0, 19, 371.93, 642569, 157, 100591, 0
2316, 41, 15, 75, 1, 0, 38.39%, 21, 0, 19, 385.63, 644602, 157, 100886, 0
2322, 41, 3, 75, 1, 0, 38.39%, 21, 0, 19, 421.31, 646671, 157, 101212, 0
2327, 42, 63, 75, 1, 0, 38.39%, 21, 0, 19, 369.14, 648480, 157, 101369, 0
2332, 42, 15, 75, 1, 0, 38.39%, 21, 0, 19, 336.73, 650083, 157, 101641, 0
2337, 42, 22, 75, 1, 0, 38.39%, 21, 0, 19, 347.38, 652020, 157, 101871, 0
2342, 42, 71, 75, 1, 0, 38.39%, 21, 0, 19, 342.25, 653773, 157, 102207, 0
2347, 42, 45, 75, 1, 0, 38.39%, 21, 0, 19, 353.63, 655576, 157, 102513, 0
2352, 42, 74, 75, 1, 0, 38.39%, 21, 0, 19, 568.23, 658445, 157, 103157, 0
2357, 42, 3, 75, 0, 0, 38.39%, 21, 0, 19, 440.97, 660702, 157, 103816, 0
2362, 42, 71, 75, 0, 0, 38.39%, 21, 0, 19, 430.96, 662763, 157, 104250, 0
2367, 42, 61, 75, 0, 0, 38.39%, 21, 0, 19, 414.06, 664973, 157, 104734, 0
2372, 42, 20, 75, 0, 0, 38.39%, 21, 0, 19, 447.24, 667306, 157, 104969, 0
2377, 42, 52, 75, 0, 0, 38.39%, 21, 0, 19, 372.98, 669091, 157, 105309, 0
2383, 42, 58, 75, 0, 0, 38.39%, 21, 0, 19, 339.66, 670718, 157, 105571, 0
2388, 43, 22, 75, 0, 0, 38.39%, 21, 0, 19, 334.44, 672514, 157, 105817, 0
2393, 43, 69, 75, 0, 0, 38.39%, 21, 0, 19, 319.31, 673999, 157, 106085, 0
2398, 43, 20, 75, 0, 0, 38.39%, 21, 0, 19, 428.30, 676313, 157, 106516, 0
2403, 43, 20, 75, 0, 0, 38.39%, 21, 0, 19, 381.51, 678114, 157, 106767, 0
2408, 43, 58, 75, 0, 0, 38.39%, 21, 0, 19, 393.41, 680090, 157, 107097, 0
2413, 43, 72, 75, 0, 0, 38.39%, 21, 0, 19, 339.64, 681729, 157, 107400, 0
2418, 43, 20, 75, 0, 0, 38.39%, 21, 0, 19, 305.89, 683293, 157, 107619, 0
2424, 43, 70, 75, 0, 0, 38.39%, 21, 0, 19, 322.17, 684965, 157, 107866, 0
2429, 43, 20, 75, 0, 0, 38.39%, 21, 0, 19, 346.36, 686756, 157, 108248, 0
2434, 43, 58, 75, 0, 0, 38.39%, 21, 0, 19, 400.13, 688734, 157, 108548, 0
2439, 43, 58, 75, 0, 0, 38.39%, 21, 0, 19, 269.55, 690554, 157, 108863, 0
2444, 43, 11, 75, 0, 0, 38.39%, 21, 0, 19, 297.64, 692181, 157, 109154, 0
2449, 43, 74, 75, 0, 0, 38.39%, 21, 0, 19, 391.65, 694169, 157, 109711, 0
2454, 43, 58, 75, 0, 0, 38.39%, 21, 0, 19, 334.69, 695974, 157, 110200, 0
2459, 44, 74, 75, 0, 0, 38.39%, 21, 0, 19, 467.69, 698119, 157, 110698, 0
2464, 44, 20, 75, 0, 0, 38.39%, 21, 0, 19, 476.63, 700679, 157, 111493, 0
2469, 44, 72, 75, 0, 0, 38.39%, 21, 0, 19, 354.11, 702243, 157, 111721, 0
2474, 44, 20, 75, 0, 0, 38.39%, 21, 0, 19, 337.79, 703946, 157, 111994, 0
2480, 44, 61, 75, 0, 0, 38.39%, 21, 0, 19, 336.56, 705724, 157, 112276, 0
2485, 44, 15, 75, 0, 0, 38.39%, 21, 0, 19, 323.35, 707401, 157, 112503, 0
2490, 44, 70, 75, 0, 0, 38.39%, 21, 0, 19, 410.73, 709436, 157, 112928, 0
2495, 44, 35, 75, 0, 0, 38.39%, 21, 0, 19, 348.18, 711178, 157, 113268, 0
2500, 44, 35, 75, 0, 0, 38.39%, 21, 0, 19, 278.45, 712467, 157, 113522, 0
2505, 44, 15, 75, 0, 0, 38.39%, 21, 0, 19, 326.27, 714056, 157, 113839, 0
2510, 44, 61, 75, 0, 0, 38.39%, 21, 0, 19, 420.39, 716194, 157, 114217, 0
2515, 44, 69, 75, 0, 0, 38.39%, 21, 0, 19, 403.43, 718263, 157, 114575, 0
2520, 44, 22, 75, 0, 0, 38.39%, 21, 0, 19, 347.27, 720141, 157, 114969, 0
2525, 45, 20, 75, 0, 0, 38.39%, 21, 0, 19, 338.97, 721921, 157, 115248, 0
2530, 45, 22, 75, 0, 0, 38.39%, 21, 0, 19, 305.12, 723534, 157, 115493, 0
2536, 45, 61, 75, 0, 0, 38.39%, 21, 0, 19, 312.23, 725194, 157, 115729, 0
2541, 45, 70, 75, 0, 0, 38.39%, 21, 0, 19, 372.41, 727207, 157, 115998, 0
2546, 45, 61, 75, 0, 0, 38.39%, 21, 0, 19, 352.15, 729028, 157, 116253, 0
2551, 45, 61, 75, 0, 0, 38.39%, 21, 0, 19, 367.34, 730857, 157, 116558, 0
2556, 45, 22, 75, 0, 0, 38.39%, 21, 0, 19, 356.88, 732735, 157, 116803, 0
2561, 45, 58, 75, 0, 0, 38.39%, 21, 0, 19, 346.80, 734483, 157, 117062, 0
2566, 45, 61, 75, 0, 0, 38.39%, 21, 0, 19, 404.91, 736555, 157, 117431, 0
2571, 45, 70, 75, 0, 0, 38.39%, 21, 0, 19, 438.06, 738921, 157, 117828, 0
2576, 45, 61, 75, 0, 0, 38.39%, 21, 0, 19, 376.83, 740732, 157, 118098, 0
2581, 45, 24, 75, 0, 0, 38.39%, 21, 0, 19, 368.78, 742479, 157, 118347, 0
2586, 46, 5, 75, 0, 0, 38.39%, 21, 0, 19, 323.27, 744196, 157, 118652, 0
2592, 46, 52, 75, 0, 0, 38.39%, 21, 0, 19, 337.83, 746101, 157, 118975, 0
2597, 46, 56, 75, 0, 0, 38.39%, 21, 0, 19, 387.28, 747972, 157, 119270, 0
2602, 46, 74, 75, 0, 0, 38.39%, 21, 0, 19, 561.73, 750777, 157, 120227, 0
2607, 46, 52, 75, 0, 0, 38.39%, 21, 0, 19, 422.41, 752782, 157, 120728, 0
2612, 46, 52, 75, 0, 0, 38.39%, 21, 0, 19, 382.28, 754693, 157, 121093, 0
2617, 46, 15, 75, 0, 0, 38.39%, 21, 0, 19, 352.12, 756537, 157, 121416, 0
2622, 46, 15, 75, 0, 0, 38.39%, 21, 0, 19, 322.08, 758147, 157, 121709, 0
2627, 46, 1, 75, 0, 0, 38.39%, 21, 0, 19, 434.22, 760513, 157, 122168, 0
2633, 46, 41, 75, 0, 0, 38.39%, 21, 0, 19, 376.79, 762308, 157, 122407, 0
2638, 46, 52, 75, 0, 0, 38.39%, 21, 0, 19, 369.97, 764205, 157, 122656, 0
2643, 47, 52, 75, 0, 0, 38.39%, 21, 0, 19, 322.05, 765825, 157, 122871, 0
2648, 47, 43, 75, 0, 0, 38.39%, 21, 0, 19, 315.14, 767466, 157, 123146, 0
2653, 47, 20, 75, 0, 0, 38.39%, 21, 0, 19, 369.15, 769261, 157, 123509, 0
2658, 47, 22, 75, 0, 0, 38.39%, 21, 0, 19, 351.85, 770953, 157, 123762, 0
2663, 47, 74, 75, 0, 0, 38.39%, 21, 0, 19, 414.53, 773036, 157, 124361, 0
2668, 47, 22, 75, 0, 0, 38.39%, 21, 0, 19, 454.02, 775484, 157, 125290, 0
2673, 47, 52, 75, 0, 0, 38.39%, 21, 0, 19, 343.44, 777137, 157, 125574, 0
2678, 47, 20, 75, 0, 0, 38.39%, 21, 0, 19, 371.74, 778943, 157, 125847, 0
2683, 47, 20, 75, 0, 0, 38.39%, 21, 0, 19, 364.06, 780645, 157, 126103, 0
2689, 47, 15, 75, 0, 0, 38.39%, 21, 0, 19, 375.38, 782479, 157, 126388, 0
2694, 47, 61, 75, 0, 0, 38.39%, 21, 0, 19, 372.63, 784289, 157, 126668, 0
2699, 48, 15, 75, 0, 0, 38.39%, 21, 0, 19, 322.16, 785920, 157, 126919, 0
2704, 48, 61, 75, 0, 0, 38.39%, 21, 0, 19, 346.03, 787720, 157, 127177, 0
2709, 48, 52, 75, 0, 0, 38.39%, 21, 0, 19, 370.41, 789490, 157, 127381, 0
2714, 48, 52, 75, 0, 0, 38.39%, 21, 0, 19, 303.83, 790842, 157, 127657, 0
2719, 48, 58, 75, 0, 0, 38.39%, 21, 0, 19, 325.29, 792586, 157, 127969, 0
2724, 48, 58, 75, 0, 0, 38.39%, 21, 0, 19, 346.60, 794352, 157, 128256, 0
2729, 48, 58, 75, 0, 0, 38.39%, 21, 0, 19, 358.94, 796202, 157, 128608, 0
2734, 48, 5, 75, 0, 0, 38.39%, 21, 0, 19, 359.74, 797909, 157, 128838, 0
2739, 48, 52, 75, 0, 0, 38.39%, 21, 0, 19, 339.02, 799643, 157, 129133, 0
2744, 48, 58, 75, 0, 0, 38.39%, 21, 0, 19, 297.98, 801133, 157, 129395, 0
2749, 48, 22, 75, 0, 0, 38.39%, 21, 0, 19, 322.11, 802726, 157, 129614, 0
2755, 48, 20, 75, 0, 0, 38.39%, 21, 0, 19, 362.78, 804654, 157, 129947, 0
2760, 49, 3, 75, 0, 0, 38.39%, 21, 0, 19, 402.15, 806755, 157, 130461, 0
2765, 49, 20, 75, 0, 0, 38.39%, 21, 0, 19, 364.21, 808590, 157, 130701, 0
2770, 49, 52, 75, 0, 0, 38.39%, 21, 0, 19, 316.06, 810233, 157, 130992, 0
2775, 49, 22, 75, 0, 0, 38.39%, 21, 0, 19, 362.47, 812180, 157, 131386, 0
2780, 49, 71, 75, 0, 0, 38.39%, 22, 0, 19, 407.30, 814286, 157, 131743, 0
2785, 49, 15, 75, 0, 0, 38.39%, 22, 0, 19, 345.40, 816028, 157, 132072, 0
2790, 49, 41, 75, 0, 0, 38.39%, 22, 0, 19, 359.93, 817851, 157, 132260, 0
2796, 49, 58, 75, 0, 0, 38.39%, 22, 0, 19, 329.86, 819408, 157, 132565, 0
2801, 49, 52, 75, 0, 0, 38.39%, 22, 0, 19, 333.58, 821132, 157, 132858, 0
2806, 49, 11, 75, 0, 0, 38.39%, 22, 0, 19, 347.99, 822910, 157, 133180, 0
2811, 49, 20, 75, 0, 0, 38.39%, 22, 0, 19, 348.28, 824730, 157, 133450, 0
2816, 50, 15, 75, 0, 0, 38.39%, 22, 0, 19, 470.41, 827157, 157, 133805, 0
2821, 50, 43, 75, 0, 0, 38.39%, 22, 0, 19, 406.14, 829123, 157, 134084, 0
2826, 50, 61, 75, 0, 0, 38.39%, 22, 0, 19, 361.98, 830874, 157, 134299, 0
2831, 50, 61, 75, 0, 0, 38.39%, 22, 0, 19, 371.64, 832701, 157, 134539, 0
2836, 50, 58, 75, 0, 0, 38.39%, 22, 0, 19, 348.69, 834457, 157, 134853, 0
2841, 50, 61, 75, 0, 0, 38.39%, 22, 0, 19, 361.70, 836201, 157, 135051, 0
2846, 50, 52, 75, 0, 0, 38.39%, 22, 0, 19, 370.88, 838275, 157, 135496, 0
2852, 50, 61, 75, 0, 0, 38.39%, 22, 0, 19, 370.19, 840213, 157, 135814, 0
2857, 50, 54, 75, 0, 0, 38.39%, 22, 0, 19, 343.74, 841929, 157, 136090, 0
2862, 50, 61, 75, 0, 0, 38.39%, 22, 0, 19, 381.60, 843864, 157, 136470, 0
2867, 50, 64, 75, 0, 0, 38.39%, 22, 0, 19, 423.15, 845958, 157, 136836, 0
2872, 51, 15, 75, 0, 0, 38.39%, 22, 0, 19, 305.28, 847378, 157, 137032, 0
2877, 51, 61, 75, 0, 0, 38.39%, 22, 0, 19, 335.74, 849080, 157, 137354, 0
2882, 51, 64, 75, 0, 0, 38.39%, 22, 0, 19, 367.28, 850967, 157, 137663, 0
2887, 51, 52, 75, 0, 0, 38.39%, 22, 0, 19, 318.16, 852576, 157, 137962, 0
2892, 51, 52, 75, 0, 0, 38.39%, 22, 0, 19, 373.29, 854449, 157, 138243, 0
2898, 51, 58, 75, 0, 0, 38.39%, 22, 0, 19, 369.60, 856295, 157, 138516, 0
2903, 51, 61, 75, 0, 0, 38.39%, 22, 0, 19, 318.00, 857838, 157, 138748, 0
2908, 51, 52, 75, 0, 0, 38.39%, 22, 0, 19, 338.10, 859665, 157, 139060, 0
2913, 51, 65, 75, 0, 0, 38.39%, 22, 0, 19, 437.00, 861460, 157, 139340, 0
2918, 51, 52, 75, 0, 0, 38.39%, 22, 0, 19, 351.17, 863166, 157, 139636, 0
2923, 51, 5, 75, 0, 0, 38.39%, 22, 0, 19, 445.17, 865489, 157, 139968, 0
2928, 52, 15, 75, 0, 0, 38.39%, 22, 0, 19, 403.27, 867481, 157, 140256, 0
2933, 52, 20, 75, 0, 0, 38.39%, 22, 0, 19, 340.88, 869146, 157, 140466, 0
2938, 52, 15, 75, 0, 0, 38.39%, 22, 0, 19, 434.87, 871410, 157, 140871, 0
2944, 52, 58, 75, 0, 0, 38.39%, 22, 0, 19, 334.03, 872922, 157, 141109, 0
2949, 52, 22, 75, 0, 0, 38.39%, 22, 0, 19, 310.88, 874526, 157, 141385, 0
2954, 52, 12, 75, 0, 0, 38.39%, 22, 0, 19, 495.09, 877205, 157, 142541, 0
2959, 52, 22, 75, 0, 0, 38.39%, 22, 0, 19, 348.45, 878825, 157, 142878, 0
2964, 52, 15, 75, 0, 0, 38.39%, 22, 0, 19, 340.09, 880546, 157, 143135, 0
2969, 52, 23, 75, 0, 0, 38.39%, 22, 0, 19, 316.29, 882120, 157, 143513, 0
2974, 52, 52, 75, 0, 0, 38.39%, 22, 0, 19, 309.74, 883761, 157, 143701, 0
2979, 52, 15, 75, 0, 0, 38.39%, 22, 0, 19, 315.83, 885301, 157, 143904, 0
2984, 52, 22, 75, 0, 0, 38.39%, 22, 0, 19, 346.32, 887086, 157, 144200, 0
2989, 52, 15, 75, 0, 0, 38.39%, 22, 0, 19, 472.86, 889508, 157, 144822, 0
2994, 53, 11, 75, 0, 0, 38.39%, 22, 0, 19, 348.40, 891068, 157, 145045, 0
3000, 53, 22, 75, 0, 0, 38.39%, 22, 0, 19, 363.23, 893052, 157, 145303, 0
3005, 53, 22, 75, 0, 0, 38.39%, 22, 0, 19, 367.55, 895079, 157, 145680, 0
3010, 53, 15, 75, 0, 0, 38.39%, 22, 0, 19, 294.81, 896397, 157, 145896, 0
3015, 53, 58, 75, 0, 0, 38.39%, 22, 0, 19, 349.77, 898134, 157, 146216, 0
3020, 53, 58, 75, 0, 0, 38.39%, 22, 0, 19, 425.08, 900222, 157, 146597, 0
3025, 53, 46, 75, 0, 0, 38.39%, 22, 0, 19, 342.11, 901798, 157, 146792, 0
3030, 53, 52, 75, 0, 0, 38.39%, 22, 0, 19, 346.17, 903420, 157, 147069, 0
3035, 53, 22, 75, 0, 0, 38.39%, 22, 0, 19, 318.67, 904943, 157, 147273, 0
3040, 53, 73, 75, 0, 0, 38.39%, 22, 0, 19, 355.54, 906711, 157, 147558, 0
3046, 53, 52, 75, 0, 0, 38.39%, 22, 0, 19, 301.76, 908230, 157, 147722, 0
3051, 53, 52, 75, 0, 0, 38.39%, 22, 0, 19, 268.35, 909545, 157, 147908, 0
3056, 53, 74, 75, 0, 0, 38.39%, 22, 0, 19, 386.60, 911601, 157, 148287, 0
3061, 53, 20, 75, 0, 0, 38.39%, 22, 0, 19, 474.33, 914449, 157, 149053, 0
3066, 54, 61, 75, 0, 0, 38.39%, 22, 0, 19, 362.80, 916098, 157, 149320, 0
3071, 54, 61, 75, 0, 0, 38.39%, 22, 0, 19, 385.34, 918093, 157, 149617, 0
3076, 54, 36, 75, 0, 0, 38.39%, 22, 0, 19, 345.21, 919753, 157, 149838, 0
3081, 54, 52, 75, 0, 0, 38.39%, 22, 0, 19, 306.93, 921275, 157, 150113, 0
3087, 54, 11, 75, 0, 0, 38.39%, 22, 0, 19, 356.81, 923229, 157, 150379, 0
3092, 54, 58, 75, 0, 0, 38.39%, 22, 0, 19, 323.46, 924881, 157, 150751, 0
3097, 54, 52, 75, 0, 0, 38.39%, 22, 0, 19, 352.83, 926694, 157, 150976, 0
3102, 54, 51, 75, 0, 0, 38.39%, 22, 0, 19, 392.25, 928908, 157, 151374, 0
3107, 54, 22, 75, 0, 0, 38.39%, 22, 0, 19, 306.11, 930403, 157, 151566, 0
3112, 54, 58, 75, 0, 0, 38.39%, 22, 0, 19, 316.11, 932060, 157, 151832, 0
3117, 54, 20, 75, 0, 0, 38.39%, 22, 0, 19, 316.52, 933720, 157, 152091, 0
3123, 54, 41, 75, 0, 0, 38.39%, 22, 0, 19, 341.38, 935433, 157, 152397, 0
3128, 55, 70, 75, 0, 0, 38.39%, 22, 0, 19, 350.45, 937187, 157, 152695, 0
3133, 55, 15, 75, 0, 0, 38.39%, 22, 0, 19, 374.84, 939173, 157, 153029, 0
3138, 55, 52, 75, 0, 0, 38.39%, 22, 0, 19, 347.04, 940909, 157, 153278, 0
3143, 55, 74, 75, 0, 0, 38.39%, 22, 0, 19, 501.79, 943273, 157, 153961, 0
3148, 55, 60, 75, 0, 0, 38.39%, 22, 0, 19, 409.29, 945382, 157, 154506, 0
3153, 55, 15, 75, 0, 0, 38.39%, 22, 0, 19, 359.82, 947066, 157, 154751, 0
3158, 55, 74, 75, 0, 0, 38.39%, 22, 0, 19, 396.47, 949122, 157, 155396, 0
3163, 55, 22, 75, 0, 0, 38.39%, 22, 0, 19, 367.92, 951019, 157, 155900, 0
3168, 55, 11, 75, 0, 0, 38.39%, 22, 0, 19, 308.07, 952389, 157, 156075, 0
3173, 55, 41, 75, 0, 0, 38.39%, 22, 0, 19, 409.52, 954657, 157, 156387, 0
3179, 55, 61, 75, 0, 0, 38.39%, 22, 0, 19, 352.76, 956260, 157, 156605, 0
3184, 55, 71, 75, 0, 0, 38.39%, 22, 0, 19, 332.19, 957893, 157, 156921, 0
3189, 55, 63, 75, 0, 0, 38.39%, 22, 0, 19, 422.64, 959985, 157, 157251, 0
3194, 55, 15, 75, 0, 0, 38.39%, 22, 0, 19, 324.37, 961521, 157, 157485, 0
3199, 56, 33, 75, 0, 0, 38.39%, 22, 0, 19, 302.77, 963086, 157, 157747, 0
3204, 56, 70, 75, 0, 0, 38.39%, 22, 0, 19, 365.37, 964912, 157, 158148, 0
3209, 56, 20, 75, 0, 0, 38.39%, 22, 0, 19, 341.97, 966725, 157, 158506, 0
3214, 56, 20, 75, 0, 0, 38.39%, 22, 0, 19, 342.44, 968613, 157, 158941, 0
3219, 56, 61, 75, 0, 0, 38.39%, 22, 0, 19, 288.21, 969929, 157, 159156, 0
3224, 56, 73, 75, 0, 0, 38.39%, 22, 0, 19, 422.57, 972179, 157, 159664, 0
3230, 56, 73, 75, 0, 0, 38.39%, 22, 0, 19, 380.35, 973971, 157, 160132, 0
3235, 56, 20, 75, 0, 0, 38.39%, 22, 0, 19, 382.94, 976084, 157, 160535, 0
3240, 56, 22, 75, 0, 0, 38.39%, 22, 0, 19, 350.30, 977778, 157, 160791, 0
3245, 56, 11, 75, 0, 0, 38.39%, 22, 0, 19, 324.49, 979370, 157, 161113, 0
3250, 56, 63, 75, 0, 0, 38.39%, 22, 0, 19, 408.94, 981426, 157, 161410, 0
3255, 56, 58, 75, 0, 0, 38.39%, 22, 0, 19, 345.93, 983179, 157, 161604, 0
3260, 57, 58, 75, 0, 0, 38.39%, 22, 0, 19, 370.77, 985007, 157, 161947, 0
3266, 57, 15, 75, 0, 0, 38.39%, 22, 0, 19, 339.61, 986730, 157, 162184, 0
3271, 57, 58, 75, 0, 0, 38.39%, 22, 0, 19, 321.77, 988357, 157, 162440, 0
3276, 57, 20, 75, 0, 0, 38.39%, 22, 0, 19, 331.02, 990055, 157, 162756, 0
3281, 57, 11, 75, 0, 0, 38.39%, 22, 0, 19, 360.27, 991892, 157, 162930, 0
3286, 57, 17, 75, 0, 0, 38.39%, 22, 0, 19, 398.96, 993998, 157, 163495, 0
3291, 57, 61, 75, 0, 0, 38.39%, 22, 0, 19, 333.01, 995592, 157, 163789, 0
3296, 57, 15, 75, 0, 0, 38.39%, 22, 0, 19, 378.13, 997528, 157, 164042, 0
3301, 57, 62, 75, 0, 0, 38.39%, 22, 0, 19, 415.56, 999517, 157, 164363, 0
3307, 57, 20, 75, 0, 0, 38.39%, 22, 0, 19, 315.91, 1001149, 157, 164632, 0
3312, 57, 58, 75, 0, 0, 38.39%, 22, 0, 19, 336.25, 1002687, 157, 164858, 0
3317, 57, 69, 75, 0, 0, 38.39%, 22, 0, 19, 370.09, 1004451, 157, 165217, 0
3322, 57, 58, 75, 0, 0, 38.39%, 22, 0, 19, 435.74, 1006679, 157, 165630, 0
3327, 58, 71, 75, 0, 0, 38.39%, 22, 0, 19, 408.95, 1008573, 157, 165944, 0
3332, 58, 71, 75, 0, 0, 38.39%, 22, 0, 19, 440.40, 1010979, 157, 166723, 0
3337, 58, 20, 75, 0, 0, 38.39%, 22, 0, 19, 354.63, 1012725, 157, 167080, 0
3342, 58, 61, 75, 0, 0, 38.39%, 22, 0, 19, 357.71, 1014571, 157, 167411, 0
3347, 58, 20, 75, 0, 0, 38.39%, 22, 0, 19, 381.17, 1016532, 157, 167716, 0
3352, 58, 35, 75, 0, 0, 38.39%, 22, 0, 19, 343.18, 1018182, 157, 168045, 0
3357, 58, 22, 75, 0, 0, 38.39%, 22, 0, 19, 356.96, 1020044, 157, 168310, 0
3362, 58, 15, 75, 0, 0, 38.39%, 22, 0, 19, 362.49, 1021734, 157, 168541, 0
3368, 58, 15, 75, 0, 0, 38.39%, 22, 0, 19, 358.63, 1023510, 157, 168816, 0
3373, 58, 52, 75, 0, 0, 38.39%, 22, 0, 19, 371.47, 1025312, 157, 169028, 0
3378, 58, 61, 75, 0, 0, 38.39%, 22, 0, 19, 383.37, 1027242, 157, 169356, 0
3383, 58, 69, 75, 0, 0, 38.39%, 22, 0, 19, 377.40, 1029088, 157, 169697, 0
3388, 59, 52, 75, 0, 0, 38.39%, 22, 0, 19, 374.63, 1031085, 157, 170048, 0
3393, 59, 15, 75, 0, 0, 38.39%, 22, 0, 19, 355.83, 1032977, 157, 170294, 0
3398, 59, 55, 76, 1, 0, 38.39%, 22, 0, 19, 385.00, 1034925, 157, 170587, 0
3403, 59, 75, 76, 0, 0, 38.39%, 22, 0, 19, 332.86, 1036623, 157, 170943, 0
3409, 59, 75, 76, 0, 0, 38.39%, 22, 0, 19, 367.27, 1038509, 157, 171108, 0
3414, 59, 75, 76, 0, 0, 38.39%, 22, 0, 19, 331.31, 1040085, 157, 171308, 0
3419, 59, 74, 76, 0, 0, 38.39%, 22, 0, 19, 370.99, 1041945, 157, 171692, 0
3424, 59, 15, 76, 0, 0, 38.39%, 22, 0, 19, 452.06, 1044662, 157, 172700, 0
3429, 59, 15, 76, 0, 0, 38.39%, 22, 0, 19, 391.28, 1046611, 157, 172989, 0
3434, 59, 75, 76, 0, 0, 38.39%, 22, 0, 19, 443.99, 1048831, 157, 173369, 0
3439, 59, 75, 76, 0, 0, 38.39%, 22, 0, 19, 388.18, 1050760, 157, 173643, 0
3444, 59, 58, 76, 0, 0, 38.39%, 22, 0, 19, 389.75, 1052818, 157, 173990, 0
3450, 59, 61, 76, 0, 0, 38.39%, 22, 0, 19, 331.03, 1054484, 157, 174231, 0
3455, 59, 52, 76, 0, 0, 38.39%, 22, 0, 19, 307.41, 1056076, 157, 174466, 0
3460, 59, 75, 76, 0, 0, 38.39%, 22, 0, 19, 314.83, 1057702, 157, 174762, 0
3465, 59, 20, 76, 0, 0, 38.39%, 22, 0, 19, 320.35, 1059304, 157, 175034, 0
3470, 59, 20, 76, 0, 0, 38.39%, 22, 0, 19, 323.52, 1060886, 157, 175218, 0
3475, 60, 15, 76, 0, 0, 38.39%, 22, 0, 19, 408.97, 1062972, 157, 175450, 0
3480, 60, 75, 76, 0, 0, 38.39%, 22, 0, 19, 359.67, 1064723, 157, 175730, 0
3485, 60, 75, 76, 0, 0, 38.39%, 22, 0, 19, 348.27, 1066450, 157, 176036, 0
3490, 60, 75, 76, 0, 0, 38.39%, 22, 0, 19, 438.45, 1068706, 157, 176402, 0
3495, 60, 75, 76, 0, 0, 38.39%, 22, 0, 19, 399.83, 1070764, 157, 176760, 0
3500, 60, 20, 76, 0, 0, 38.39%, 22, 0, 19, 402.87, 1072777, 157, 177097, 0
3506, 60, 75, 76, 0, 0, 38.39%, 22, 0, 19, 374.57, 1074491, 157, 177323, 0
3511, 60, 35, 76, 0, 0, 38.39%, 22, 0, 19, 379.29, 1076409, 157, 177581, 0
3516, 60, 75, 76, 0, 0, 38.39%, 22, 0, 19, 439.35, 1078696, 157, 177908, 0
3521, 60, 75, 76, 0, 0, 38.39%, 22, 0, 19, 398.21, 1080696, 157, 178249, 0
3526, 60, 61, 76, 0, 0, 38.39%, 22, 0, 19, 400.65, 1082713, 157, 178741, 0
3531, 60, 75, 76, 0, 0, 38.39%, 22, 0, 19, 361.35, 1084513, 157, 179059, 0
3536, 60, 15, 76, 0, 0, 38.39%, 22, 0, 19, 418.36, 1086656, 157, 179394, 0
3541, 60, 75, 76, 0, 0, 38.39%, 22, 0, 19, 399.42, 1088541, 157, 179680, 0
3546, 60, 35, 76, 0, 0, 38.39%, 22, 0, 19, 351.11, 1090375, 157, 179988, 0
3551, 60, 75, 76, 0, 0, 38.39%, 22, 0, 19, 460.63, 1092767, 157, 180377, 0
3557, 60, 52, 76, 0, 0, 38.39%, 22, 0, 19, 404.74, 1094821, 157, 180773, 0
3562, 60, 61, 76, 0, 0, 38.39%, 22, 0, 19, 408.57, 1096803, 157, 181147, 0
3567, 60, 52, 76, 0, 0, 38.39%, 22, 0, 19, 309.67, 1098175, 157, 181392, 0
3572, 60, 75, 76, 0, 0, 38.39%, 22, 0, 19, 375.04, 1100205, 157, 181647, 0
3577, 60, 75, 76, 0, 0, 38.39%, 22, 0, 19, 351.63, 1101961, 157, 181856, 0
3582, 60, 20, 76, 0, 0, 38.39%, 22, 0, 19, 374.34, 1104011, 157, 182247, 0
3587, 60, 75, 76, 0, 0, 38.39%, 22, 0, 19, 390.32, 1106095, 157, 182560, 0
3592, 60, 75, 76, 0, 0, 38.39%, 22, 0, 19, 412.17, 1108205, 157, 182945, 0
3597, 60, 72, 76, 0, 0, 38.39%, 22, 0, 19, 417.96, 1110390, 157, 183360, 0
3602, 60, 15, 76, 0, 0, 38.39%, 22, 0, 19, 319.84, 1111902, 157, 183655, 0
3607, 61, 58, 76, 0, 0, 38.39%, 22, 0, 19, 379.23, 1113850, 157, 183926, 0
3613, 61, 75, 76, 0, 0, 38.39%, 22, 0, 19, 377.08, 1115827, 157, 184323, 0
3618, 61, 58, 76, 0, 0, 38.39%, 22, 0, 19, 328.61, 1117448, 157, 184626, 0
3623, 61, 75, 76, 0, 0, 38.39%, 22, 0, 19, 431.71, 1119824, 157, 185017, 0
3628, 61, 35, 76, 0, 0, 38.39%, 22, 0, 19, 420.67, 1122080, 157, 185446, 0
3633, 61, 67, 76, 0, 0, 38.39%, 22, 0, 19, 344.05, 1123626, 157, 185729, 0
3638, 61, 75, 76, 0, 0, 38.39%, 22, 0, 19, 348.25, 1125416, 157, 186011, 0
3643, 61, 75, 76, 0, 0, 38.39%, 22, 0, 19, 350.85, 1127236, 157, 186301, 0
3648, 61, 61, 76, 0, 0, 38.39%, 22, 0, 19, 394.50, 1129200, 157, 186656, 0
3653, 61, 20, 76, 0, 0, 38.39%, 22, 0, 19, 451.57, 1131438, 157, 187049, 0
3658, 61, 75, 76, 0, 0, 38.39%, 22, 0, 19, 401.99, 1133380, 157, 187297, 0
3663, 61, 61, 76, 0, 0, 38.39%, 22, 0, 19, 384.43, 1135360, 157, 187546, 0
3669, 61, 61, 76, 0, 0, 38.39%, 22, 0, 19, 343.14, 1137001, 157, 187765, 0
3674, 61, 52, 76, 0, 0, 38.39%, 23, 0, 19, 371.73, 1138944, 157, 188051, 0
3679, 61, 75, 76, 0, 0, 38.39%, 23, 0, 19, 369.03, 1140770, 157, 188307, 0
3684, 61, 41, 76, 0, 0, 38.39%, 23, 0, 19, 332.64, 1142447, 157, 188586, 0
3689, 61, 75, 76, 0, 0, 38.39%, 23, 0, 19, 411.38, 1144515, 157, 188971, 0
3694, 62, 75, 76, 0, 0, 38.39%, 23, 0, 19, 451.99, 1146927, 157, 189352, 0
3699, 62, 75, 76, 0, 0, 38.39%, 23, 0, 19, 405.62, 1148835, 157, 189702, 0
3704, 62, 75, 76, 0, 0, 38.39%, 23, 0, 19, 366.75, 1150582, 157, 189892, 0
3709, 62, 52, 76, 0, 0, 38.39%, 23, 0, 19, 380.54, 1152485, 157, 190066, 0
3714, 62, 20, 76, 0, 0, 38.39%, 23, 0, 19, 417.04, 1154683, 157, 190428, 0
3719, 62, 58, 76, 0, 0, 38.39%, 23, 0, 19, 352.50, 1156463, 157, 190713, 0
3725, 62, 59, 76, 0, 0, 38.39%, 23, 0, 19, 347.08, 1158174, 157, 190990, 0
3730, 62, 75, 76, 0, 0, 38.39%, 23, 0, 19, 350.42, 1160000, 157, 191352, 0
3735, 62, 75, 76, 0, 0, 38.39%, 23, 0, 19, 358.01, 1161738, 157, 191630, 0
3740, 62, 75, 76, 0, 0, 38.39%, 23, 0, 19, 356.70, 1163513, 157, 191872, 0
3745, 62, 67, 76, 0, 0, 38.39%, 23, 0, 19, 419.21, 1165576, 157, 192210, 0
3750, 62, 52, 76, 0, 0, 38.39%, 23, 0, 19, 375.28, 1167398, 157, 192522, 0
3755, 62, 15, 76, 0, 0, 38.39%, 23, 0, 19, 418.79, 1169005, 157, 192710, 0
3760, 62, 20, 76, 0, 0, 38.39%, 23, 0, 19, 351.19, 1170621, 157, 192959, 0
3766, 62, 15, 76, 0, 0, 38.39%, 23, 0, 19, 332.72, 1172391, 157, 193278, 0
3771, 62, 75, 76, 0, 0, 38.39%, 23, 0, 19, 386.57, 1174330, 157, 193617, 0
3776, 62, 75, 76, 0, 0, 38.39%, 23, 0, 19, 403.02, 1176237, 157, 193886, 0
3781, 62, 53, 76, 0, 0, 38.39%, 23, 0, 19, 390.20, 1178233, 157, 194086, 0
3786, 63, 40, 76, 0, 0, 38.39%, 23, 0, 19, 360.42, 1180088, 157, 194377, 0
3791, 63, 75, 76, 0, 0, 38.39%, 23, 0, 19, 423.83, 1182333, 157, 194757, 0
3796, 63, 20, 76, 0, 0, 38.39%, 23, 0, 19, 351.97, 1184083, 157, 195077, 0
3802, 63, 75, 76, 0, 0, 38.39%, 23, 0, 19, 340.99, 1185743, 157, 195288, 0
3807, 63, 11, 76, 0, 0, 38.39%, 23, 0, 19, 394.24, 1187671, 157, 195602, 0
3812, 63, 75, 76, 0, 0, 38.39%, 23, 0, 19, 368.61, 1189517, 157, 195862, 0
3817, 63, 75, 76, 0, 0, 38.39%, 23, 0, 19, 354.55, 1191337, 157, 196091, 0
3822, 63, 72, 76, 0, 0, 38.39%, 23, 0, 19, 335.91, 1192917, 157, 196378, 0
3827, 63, 75, 76, 0, 0, 38.39%, 23, 0, 19, 370.59, 1194922, 157, 196727, 0
3832, 63, 75, 76, 0, 0, 38.39%, 23, 0, 19, 357.69, 1196791, 157, 197093, 0
3837, 63, 11, 76, 0, 0, 38.39%, 23, 0, 19, 424.70, 1198929, 157, 197438, 0
3842, 63, 75, 76, 0, 0, 38.39%, 23, 0, 19, 382.21, 1200709, 157, 197734, 0
3847, 63, 75, 76, 0, 0, 38.39%, 23, 0, 19, 448.30, 1202883, 157, 198113, 0
3852, 63, 61, 76, 0, 0, 38.39%, 23, 0, 19, 434.74, 1205159, 157, 198513, 0
3858, 63, 75, 76, 0, 0, 38.39%, 23, 0, 19, 379.02, 1206979, 157, 198890, 0
3863, 63, 41, 76, 0, 0, 38.39%, 23, 0, 19, 418.42, 1209227, 157, 199233, 0
3868, 63, 15, 76, 0, 0, 38.39%, 23, 0, 19, 384.56, 1211117, 157, 199617, 0
3873, 63, 58, 76, 0, 0, 38.39%, 23, 0, 19, 376.87, 1212979, 157, 199932, 0
3878, 63, 75, 76, 0, 0, 38.39%, 23, 0, 19, 430.00, 1215064, 157, 200263, 0
3883, 63, 75, 76, 0, 0, 38.39%, 23, 0, 19, 461.81, 1217617, 157, 200599, 0
3888, 63, 75, 76, 0, 0, 38.39%, 23, 0, 19, 352.77, 1219230, 157, 200873, 0
3893, 64, 20, 76, 0, 0, 38.39%, 23, 0, 19, 396.29, 1221283, 157, 201205, 0
3898, 64, 61, 76, 0, 0, 38.39%, 23, 0, 19, 338.72, 1222877, 157, 201430, 0
3904, 64, 75, 76, 0, 0, 38.39%, 23, 0, 19, 316.62, 1224477, 157, 201633, 0
3909, 64, 68, 76, 0, 0, 38.39%, 23, 0, 19, 470.16, 1226979, 157, 201980, 0
3914, 64, 75, 76, 0, 0, 38.39%, 23, 0, 19, 471.57, 1229238, 157, 202316, 0
3919, 64, 75, 76, 0, 0, 38.39%, 23, 0, 19, 408.08, 1231245, 157, 202694, 0
3924, 64, 61, 76, 0, 0, 38.39%, 23, 0, 19, 405.42, 1233355, 157, 203092, 0
3929, 64, 75, 76, 0, 0, 38.39%, 23, 0, 19, 357.49, 1234990, 157, 203354, 0
3934, 64, 75, 76, 0, 0, 38.39%, 23, 0, 19, 304.50, 1236526, 157, 203620, 0
3939, 64, 20, 76, 0, 0, 38.39%, 23, 0, 19, 318.82, 1238206, 157, 203831, 0
3944, 64, 20, 76, 0, 0, 38.39%, 23, 0, 19, 402.54, 1240160, 157, 204072, 0
3949, 64, 72, 76, 0, 0, 38.39%, 23, 0, 19, 314.03, 1241702, 157, 204346, 0
3954, 64, 75, 76, 0, 0, 38.39%, 23, 0, 19, 309.63, 1243236, 157, 204625, 0
3959, 64, 75, 76, 0, 0, 38.39%, 23, 0, 19, 338.76, 1244886, 157, 204815, 0
3964, 64, 20, 76, 0, 0, 38.39%, 23, 0, 19, 308.42, 1246459, 157, 205046, 0
3969, 64, 75, 76, 0, 0, 38.39%, 23, 0, 19, 443.62, 1248685, 157, 205426, 0
3974, 64, 75, 76, 0, 0, 38.39%, 23, 0, 19, 414.98, 1250777, 157, 205770, 0
3979, 64, 75, 76, 0, 0, 38.39%, 23, 0, 19, 440.00, 1253055, 157, 206079, 0
3985, 64, 67, 76, 0, 0, 38.39%, 23, 0, 19, 421.93, 1255159, 157, 206279, 0
3990, 65, 15, 76, 0, 0, 38.39%, 23, 0, 19, 330.22, 1256761, 157, 206570, 0
3995, 65, 75, 76, 0, 0, 38.39%, 23, 0, 19, 403.27, 1258864, 157, 206910, 0
4000, 65, 60, 76, 0, 0, 38.39%, 23, 0, 19, 396.69, 1260872, 157, 207298, 0
4005, 65, 75, 76, 0, 0, 38.39%, 23, 0, 19, 490.28, 1263409, 157, 207719, 0
4010, 65, 20, 76, 0, 0, 38.39%, 23, 0, 19, 361.94, 1265067, 157, 208007, 0
4015, 65, 75, 76, 0, 0, 38.39%, 23, 0, 19, 377.80, 1267020, 157, 208173, 0
4020, 65, 15, 76, 0, 0, 38.39%, 23, 0, 19, 405.48, 1269141, 157, 208541, 0
4025, 65, 58, 76, 0, 0, 38.39%, 23, 0, 19, 431.76, 1271235, 157, 208963, 0
4030, 65, 75, 76, 0, 0, 38.39%, 23, 0, 19, 414.19, 1273339, 157, 209366, 0
4036, 65, 75, 76, 0, 0, 38.39%, 23, 0, 19, 455.82, 1275669, 157, 209752, 0
4041, 65, 20, 76, 0, 0, 38.39%, 23, 0, 19, 365.44, 1277584, 157, 210018, 0
4046, 65, 58, 76, 0, 0, 38.39%, 23, 0, 19, 352.37, 1279341, 157, 210356, 0
4051, 65, 75, 76, 0, 0, 38.39%, 23, 0, 19, 328.02, 1280953, 157, 210584, 0
4056, 65, 75, 76, 0, 0, 38.39%, 23, 0, 19, 362.23, 1282775, 157, 210779, 0
4061, 65, 20, 76, 0, 0, 38.39%, 23, 0, 19, 379.92, 1284785, 157, 210968, 0
4066, 65, 75, 76, 0, 0, 38.39%, 23, 0, 19, 333.60, 1286333, 157, 211213, 0
4071, 65, 15, 76, 0, 0, 38.39%, 23, 0, 19, 315.57, 1287968, 157, 211446, 0
4077, 65, 75, 76, 0, 0, 38.39%, 23, 0, 19, 313.85, 1289600, 157, 211616, 0
4082, 65, 74, 76, 0, 0, 38.39%, 23, 0, 19, 389.08, 1291546, 157, 211999, 0
4087, 65, 75, 76, 0, 0, 38.39%, 23, 0, 19, 401.62, 1293708, 157, 212821, 0
4092, 65, 75, 76, 0, 0, 38.39%, 23, 0, 19, 401.50, 1295703, 157, 212992, 0
4097, 65, 14, 76, 0, 0, 38.39%, 23, 0, 19, 481.56, 1298293, 157, 213420, 0
4102, 65, 35, 76, 0, 0, 38.39%, 23, 0, 19, 381.28, 1300136, 157, 213686, 0
4107, 65, 61, 76, 0, 0, 38.39%, 23, 0, 19, 335.29, 1301705, 157, 213923, 0
4112, 66, 75, 76, 0, 0, 38.39%, 23, 0, 19, 491.89, 1303425, 157, 214225, 0
4117, 66, 61, 76, 0, 0, 38.39%, 23, 0, 19, 426.07, 1305467, 157, 214566, 0
4122, 66, 75, 76, 0, 0, 38.39%, 23, 0, 19, 450.35, 1307659, 157, 214771, 0
4127, 66, 34, 76, 0, 0, 38.39%, 23, 0, 19, 377.69, 1309589, 157, 215026, 0
4132, 66, 69, 76, 0, 0, 38.39%, 23, 0, 19, 391.15, 1311591, 157, 215439, 0
4137, 66, 75, 76, 0, 0, 38.39%, 23, 0, 19, 580.13, 1313689, 157, 215732, 0
4142, 66, 20, 76, 0, 0, 38.39%, 23, 0, 19, 405.79, 1315599, 157, 215895, 0
4148, 66, 73, 76, 0, 0, 38.39%, 23, 0, 19, 422.03, 1317606, 157, 216348, 0
4153, 66, 41, 76, 0, 0, 38.39%, 23, 0, 19, 343.93, 1319384, 157, 216627, 0
4158, 66, 58, 76, 0, 0, 38.39%, 23, 0, 19, 286.00, 1320763, 157, 216864, 0
4163, 66, 58, 76, 0, 0, 38.39%, 23, 0, 19, 363.33, 1322729, 157, 217181, 0
4168, 66, 75, 76, 0, 0, 38.39%, 23, 0, 19, 385.65, 1324549, 157, 217527, 0
4173, 66, 58, 76, 0, 0, 38.39%, 23, 0, 19, 377.59, 1326324, 157, 217823, 0
4178, 66, 15, 76, 0, 0, 38.39%, 23, 0, 19, 394.52, 1328403, 157, 218167, 0
4183, 66, 75, 76, 0, 0, 38.39%, 23, 0, 19, 370.78, 1330123, 157, 218452, 0
4188, 66, 20, 76, 0, 0, 38.39%, 23, 0, 19, 328.01, 1331770, 157, 218746, 0
4193, 67, 58, 76, 0, 0, 38.39%, 23, 0, 19, 340.23, 1333476, 157, 219080, 0
4198, 67, 21, 76, 0, 0, 38.39%, 23, 0, 19, 342.57, 1335236, 157, 219362, 0
4204, 67, 75, 76, 0, 0, 38.39%, 23, 0, 19, 426.76, 1337439, 157, 219757, 0
4209, 67, 75, 76, 0, 0, 38.39%, 23, 0, 19, 458.67, 1339700, 157, 220131, 0
4214, 67, 52, 76, 0, 0, 38.39%, 23, 0, 19, 351.86, 1341433, 157, 220493, 0
4219, 67, 75, 76, 0, 0, 38.39%, 23, 0, 19, 385.76, 1343345, 157, 220778, 0
4224, 67, 75, 76, 0, 0, 38.39%, 23, 0, 19, 391.55, 1345396, 157, 221167, 0
4229, 67, 58, 76, 0, 0, 38.39%, 23, 0, 19, 361.23, 1346968, 157, 221350, 0
4234, 67, 58, 76, 0, 0, 38.39%, 23, 0, 19, 356.69, 1348924, 157, 221790, 0
4239, 67, 74, 76, 0, 0, 38.39%, 23, 0, 19, 435.20, 1351316, 157, 222732, 0
4244, 67, 36, 76, 0, 0, 38.39%, 23, 0, 19, 338.70, 1352998, 157, 223152, 0
4249, 67, 52, 76, 0, 0, 38.39%, 23, 0, 19, 334.46, 1354681, 157, 223381, 0
4254, 67, 61, 76, 0, 0, 38.39%, 23, 0, 19, 331.20, 1356459, 157, 223517, 0
4260, 67, 59, 76, 0, 0, 38.39%, 23, 0, 19, 351.78, 1358265, 157, 223768, 0
4265, 67, 20, 76, 0, 0, 38.39%, 23, 0, 19, 319.84, 1359905, 157, 223998, 0
4270, 67, 15, 76, 0, 0, 38.39%, 23, 0, 19, 300.43, 1361429, 157, 224261, 0
4275, 68, 20, 76, 0, 0, 38.39%, 23, 0, 19, 323.87, 1363033, 157, 224496, 0
4280, 68, 75, 76, 0, 0, 38.39%, 23, 0, 19, 374.69, 1364921, 157, 224659, 0
4285, 68, 75, 76, 0, 0, 38.39%, 23, 0, 19, 406.54, 1367033, 157, 225001, 0
4290, 68, 67, 76, 0, 0, 38.39%, 23, 0, 19, 381.64, 1369061, 157, 225302, 0
4295, 68, 75, 76, 0, 0, 38.39%, 23, 0, 19, 403.14, 1371135, 157, 225643, 0
4301, 68, 75, 76, 0, 0, 38.39%, 23, 0, 19, 385.45, 1373058, 157, 225937, 0
4306, 68, 44, 76, 0, 0, 38.39%, 23, 0, 19, 356.45, 1374835, 157, 226105, 0
4311, 68, 20, 76, 0, 0, 38.39%, 23, 0, 19, 371.79, 1376740, 157, 226396, 0
4316, 68, 61, 76, 0, 0, 38.39%, 23, 0, 19, 346.46, 1378497, 157, 226690, 0
4321, 68, 72, 76, 0, 0, 38.39%, 23, 0, 19, 331.62, 1380263, 157, 227028, 0
4326, 68, 52, 76, 0, 0, 38.39%, 23, 0, 19, 303.92, 1381869, 157, 227376, 0
4332, 68, 15, 76, 0, 0, 38.39%, 23, 0, 19, 318.05, 1383570, 157, 227612, 0
4337, 68, 75, 76, 0, 0, 38.39%, 23, 0, 19, 358.38, 1385453, 157, 227900, 0
4342, 68, 75, 76, 0, 0, 38.39%, 23, 0, 19, 375.88, 1387287, 157, 228225, 0
4347, 68, 75, 76, 0, 0, 38.39%, 23, 0, 19, 403.09, 1389338, 157, 228583, 0
4352, 68, 52, 76, 0, 0, 38.39%, 23, 0, 19, 350.65, 1391131, 157, 228887, 0
4357, 68, 75, 76, 0, 0, 38.39%, 23, 0, 19, 364.27, 1392981, 157, 229227, 0
4362, 68, 58, 76, 0, 0, 38.39%, 23, 0, 19, 378.98, 1394843, 157, 229532, 0
4367, 68, 75, 76, 0, 0, 38.39%, 23, 0, 19, 411.90, 1396785, 157, 229867, 0
4372, 68, 75, 76, 0, 0, 38.39%, 23, 0, 19, 344.96, 1398574, 157, 230165, 0
4377, 68, 15, 76, 0, 0, 38.39%, 23, 0, 19, 358.10, 1400395, 157, 230421, 0
4383, 68, 75, 76, 0, 0, 38.39%, 23, 0, 19, 400.07, 1402539, 157, 230762, 0
4388, 69, 11, 76, 0, 0, 38.39%, 23, 0, 19, 382.61, 1404485, 157, 231109, 0
4393, 69, 41, 76, 0, 0, 38.39%, 23, 0, 19, 333.88, 1406129, 157, 231421, 0
4398, 69, 47, 76, 0, 0, 38.39%, 23, 0, 19, 349.69, 1407936, 157, 231717, 0
4403, 69, 75, 76, 0, 0, 38.39%, 23, 0, 19, 337.46, 1409520, 157, 231899, 0
4408, 69, 72, 76, 0, 0, 38.39%, 23, 0, 19, 399.61, 1411643, 157, 232177, 0
4413, 69, 20, 76, 0, 0, 38.39%, 23, 0, 19, 439.86, 1413890, 157, 232712, 0
4418, 69, 75, 76, 0, 0, 38.39%, 23, 0, 19, 354.67, 1415595, 157, 233020, 0
4424, 69, 52, 76, 0, 0, 38.39%, 23, 0, 19, 334.14, 1417306, 157, 233344, 0
4429, 69, 52, 76, 0, 0, 38.39%, 23, 0, 19, 346.47, 1419117, 157, 233642, 0
4434, 69, 75, 76, 0, 0, 38.39%, 23, 0, 19, 384.05, 1421049, 157, 233949, 0
4439, 69, 41, 76, 0, 0, 38.39%, 23, 0, 19, 360.95, 1422917, 157, 234278, 0
4444, 69, 61, 76, 0, 0, 38.39%, 23, 0, 19, 361.00, 1424781, 157, 234570, 0
4449, 69, 75, 76, 0, 0, 38.39%, 23, 0, 19, 350.71, 1426471, 157, 234840, 0
4454, 69, 75, 76, 0, 0, 38.39%, 23, 0, 19, 380.14, 1428510, 157, 235177, 0
4459, 69, 35, 76, 0, 0, 38.39%, 23, 0, 19, 386.22, 1430532, 157, 235563, 0
4464, 69, 61, 76, 0, 0, 38.39%, 23, 0, 19, 427.42, 1432677, 157, 235936, 0
4469, 69, 11, 76, 0, 0, 38.39%, 23, 0, 19, 396.85, 1434498, 157, 236270, 0
4474, 69, 75, 76, 0, 0, 38.39%, 23, 0, 19, 376.35, 1436275, 157, 236590, 0
4480, 69, 41, 76, 0, 0, 38.39%, 23, 0, 19, 326.32, 1438024, 157, 236897, 0
4485, 69, 75, 76, 0, 0, 38.39%, 23, 0, 19, 367.58, 1440060, 157, 237241, 0
4490, 69, 61, 76, 0, 0, 38.39%, 23, 0, 19, 353.49, 1441851, 157, 237457, 0
4495, 70, 52, 76, 0, 0, 38.39%, 23, 0, 19, 358.37, 1443858, 157, 237766, 0
4500, 70, 64, 76, 0, 0, 38.39%, 23, 0, 19, 350.51, 1445714, 157, 238057, 0
4505, 70, 75, 76, 0, 0, 38.39%, 23, 0, 19, 339.16, 1447572, 157, 238352, 0
4510, 70, 75, 76, 0, 0, 38.39%, 23, 0, 19, 321.67, 1449222, 157, 238616, 0
4516, 70, 75, 76, 0, 0, 38.39%, 23, 0, 19, 309.25, 1450842, 157, 238884, 0
4521, 70, 15, 76, 0, 0, 38.39%, 23, 0, 19, 329.32, 1452522, 157, 239111, 0
4526, 70, 75, 76, 0, 0, 38.39%, 23, 0, 19, 321.95, 1454098, 157, 239342, 0
4531, 70, 52, 76, 0, 0, 38.39%, 23, 0, 19, 346.94, 1455826, 157, 239515, 0
4536, 70, 75, 76, 0, 0, 38.39%, 23, 0, 19, 431.58, 1457972, 157, 239808, 0
4541, 70, 75, 76, 0, 0, 38.39%, 23, 0, 19, 447.38, 1460096, 157, 240167, 0
4546, 70, 75, 76, 0, 0, 38.39%, 23, 0, 19, 386.88, 1462064, 157, 240501, 0
4551, 70, 75, 76, 0, 0, 38.39%, 23, 0, 19, 377.84, 1464024, 157, 240841, 0
4556, 70, 52, 76, 0, 0, 38.39%, 23, 0, 19, 351.74, 1465747, 157, 241190, 0
4562, 70, 11, 76, 0, 0, 38.39%, 23, 0, 19, 377.91, 1467680, 157, 241451, 0
4567, 70, 75, 76, 0, 0, 38.39%, 23, 0, 19, 381.86, 1469604, 157, 241803, 0
4572, 70, 75, 76, 0, 0, 38.39%, 23, 0, 19, 351.08, 1471361, 157, 242055, 0
4577, 70, 75, 76, 0, 0, 38.39%, 23, 0, 19, 346.49, 1473043, 157, 242247, 0
4582, 70, 58, 76, 0, 0, 38.39%, 23, 0, 19, 385.75, 1475104, 157, 242416, 0
4587, 70, 75, 76, 0, 0, 38.39%, 23, 0, 19, 434.85, 1477305, 157, 242798, 0
4592, 70, 15, 76, 0, 0, 38.39%, 23, 0, 19, 415.48, 1479507, 157, 243159, 0
4598, 70, 75, 76, 0, 0, 38.39%, 23, 0, 19, 350.30, 1481107, 157, 243399, 0
4603, 70, 69, 76, 0, 0, 38.39%, 23, 0, 19, 413.56, 1483271, 157, 243771, 0
4608, 70, 41, 76, 0, 0, 38.39%, 23, 0, 19, 378.27, 1485283, 157, 244200, 0
4613, 71, 55, 76, 0, 0, 38.39%, 23, 0, 19, 392.32, 1487215, 157, 244512, 0
4618, 71, 75, 76, 0, 0, 38.39%, 23, 0, 19, 312.54, 1488617, 157, 244718, 0
4623, 71, 11, 76, 0, 0, 38.39%, 23, 0, 19, 379.35, 1490799, 157, 244915, 0
4628, 71, 75, 76, 0, 0, 38.39%, 23, 0, 19, 342.45, 1492503, 157, 245218, 0
4633, 71, 75, 76, 0, 0, 38.39%, 23, 0, 19, 319.41, 1494093, 157, 245456, 0
4638, 71, 20, 76, 0, 0, 38.39%, 23, 0, 19, 326.25, 1495815, 157, 245647, 0
4644, 71, 61, 76, 0, 0, 38.39%, 23, 0, 19, 337.31, 1497545, 157, 245975, 0
4649, 71, 75, 76, 0, 0, 38.39%, 23, 0, 19, 360.12, 1499378, 157, 246134, 0
4654, 71, 75, 76, 0, 0, 38.39%, 23, 0, 19, 352.46, 1501246, 157, 246442, 0
4659, 71, 58, 76, 0, 0, 38.39%, 23, 0, 19, 335.91, 1503061, 157, 246799, 0
4664, 71, 75, 76, 0, 0, 38.39%, 23, 0, 19, 402.06, 1505077, 157, 246985, 0
4669, 71, 61, 76, 0, 0, 38.39%, 23, 0, 19, 347.81, 1506924, 157, 247168, 0
4674, 71, 20, 76, 0, 0, 38.39%, 23, 0, 19, 375.09, 1508907, 157, 247474, 0
4680, 71, 70, 76, 0, 0, 38.39%, 23, 0, 19, 380.99, 1510807, 157, 247795, 0
4685, 71, 67, 76, 0, 0, 38.39%, 23, 0, 19, 340.58, 1512621, 157, 248081, 0
4690, 71, 58, 76, 0, 0, 38.39%, 23, 0, 19, 378.12, 1514612, 157, 248379, 0
4695, 71, 58, 76, 0, 0, 38.39%, 23, 0, 19, 314.23, 1516126, 157, 248596, 0
4700, 71, 15, 76, 0, 0, 38.39%, 23, 0, 19, 350.69, 1517976, 157, 248939, 0
4705, 71, 20, 76, 0, 0, 38.39%, 23, 0, 19, 372.76, 1520100, 157, 249234, 0
4710, 72, 75, 76, 0, 0, 38.39%, 23, 0, 19, 398.45, 1522052, 157, 249535, 0
4715, 72, 75, 76, 0, 0, 38.39%, 23, 0, 19, 379.26, 1524026, 157, 249827, 0
4720, 72, 75, 76, 0, 0, 38.39%, 23, 0, 19, 364.28, 1525930, 157, 250010, 0
4725, 72, 15, 76, 0, 0, 38.39%, 23, 0, 19, 330.33, 1527544, 157, 250234, 0
4731, 72, 52, 76, 0, 0, 38.39%, 23, 0, 19, 306.00, 1529094, 157, 250506, 0
4736, 72, 55, 76, 0, 0, 38.39%, 23, 0, 19, 347.19, 1530733, 157, 250764, 0
4741, 72, 75, 76, 0, 0, 38.39%, 23, 0, 19, 356.44, 1532504, 157, 250975, 0
4746, 72, 61, 76, 0, 0, 38.39%, 23, 0, 19, 410.09, 1534590, 157, 251220, 0
4751, 72, 15, 76, 0, 0, 38.39%, 23, 0, 19, 351.11, 1536420, 157, 251555, 0
4756, 72, 15, 76, 0, 0, 38.39%, 23, 0, 19, 419.66, 1538592, 157, 251873, 0
4761, 72, 6, 76, 0, 0, 38.39%, 23, 0, 19, 341.23, 1540266, 157, 252117, 0
4766, 72, 52, 76, 0, 0, 38.39%, 23, 0, 19, 271.25, 1541623, 157, 252309, 0
4771, 72, 75, 76, 0, 0, 38.39%, 23, 0, 19, 388.92, 1543832, 157, 252709, 0
4777, 72, 52, 76, 0, 0, 38.39%, 23, 0, 19, 374.36, 1545749, 157, 253004, 0
4782, 72, 35, 76, 0, 0, 38.39%, 23, 0, 19, 366.54, 1547595, 157, 253300, 0
4787, 73, 15, 76, 0, 0, 38.39%, 23, 0, 19, 346.92, 1549338, 157, 253503, 0
4792, 73, 75, 76, 0, 0, 38.39%, 23, 0, 19, 355.34, 1551042, 157, 253759, 0
4797, 73, 75, 76, 0, 0, 38.39%, 23, 0, 19, 399.52, 1553030, 157, 254108, 0
4802, 73, 75, 76, 0, 0, 38.39%, 23, 0, 19, 381.35, 1554887, 157, 254464, 0
4807, 73, 75, 76, 0, 0, 38.39%, 23, 0, 19, 411.04, 1556942, 157, 254839, 0
4812, 73, 61, 76, 0, 0, 38.39%, 23, 0, 19, 394.82, 1558850, 157, 255092, 0
4818, 73, 55, 76, 0, 0, 38.39%, 23, 0, 19, 380.79, 1560787, 157, 255348, 0
4823, 73, 75, 76, 0, 0, 38.39%, 23, 0, 19, 367.71, 1562655, 157, 255690, 0
4828, 73, 35, 76, 0, 0, 38.39%, 23, 0, 19, 371.43, 1564593, 157, 256034, 0
4833, 73, 61, 76, 0, 0, 38.39%, 23, 0, 19, 396.13, 1566872, 157, 256453, 0
4838, 73, 61, 76, 0, 0, 38.39%, 23, 0, 19, 358.96, 1568683, 157, 256716, 0
4843, 73, 75, 76, 0, 0, 38.39%, 23, 0, 19, 351.91, 1570418, 157, 256994, 0
4848, 73, 20, 76, 0, 0, 38.39%, 23, 0, 19, 314.57, 1571960, 157, 257228, 0
4854, 73, 75, 76, 0, 0, 38.39%, 23, 0, 19, 380.77, 1574128, 157, 257458, 0
4859, 73, 75, 76, 0, 0, 38.39%, 23, 0, 19, 360.75, 1575899, 157, 257748, 0
4864, 73, 75, 76, 0, 0, 38.39%, 23, 0, 19, 364.15, 1577792, 157, 258045, 0
4869, 73, 75, 76, 0, 0, 38.39%, 23, 0, 19, 338.59, 1579470, 157, 258332, 0
4874, 73, 75, 76, 0, 0, 38.39%, 23, 0, 19, 381.78, 1581552, 157, 258712, 0
4879, 73, 73, 76, 0, 0, 38.39%, 23, 0, 19, 395.28, 1583652, 157, 259061, 0
4884, 73, 11, 76, 0, 0, 38.39%, 23, 0, 19, 335.61, 1585358, 157, 259355, 0
4889, 73, 59, 76, 0, 0, 38.39%, 23, 0, 19, 275.82, 1586693, 157, 259573, 0
4894, 73, 75, 76, 0, 0, 38.39%, 23, 0, 19, 488.69, 1589300, 157, 259990, 0
4899, 74, 61, 76, 0, 0, 38.39%, 23, 0, 19, 388.84, 1591035, 157, 260233, 0
4904, 74, 75, 76, 0, 0, 38.39%, 23, 0, 19, 379.86, 1592870, 157, 260557, 0
4910, 74, 41, 76, 0, 0, 38.39%, 23, 0, 19, 333.44, 1594532, 157, 260847, 0
4915, 74, 75, 76, 0, 0, 38.39%, 23, 0, 19, 329.52, 1596176, 157, 261088, 0
4920, 74, 58, 76, 0, 0, 38.39%, 23, 0, 19, 324.84, 1597886, 157, 261357, 0
4925, 74, 61, 76, 0, 0, 38.39%, 23, 0, 19, 330.88, 1599523, 157, 261638, 0
4930, 74, 15, 76, 0, 0, 38.39%, 23, 0, 19, 344.36, 1601291, 157, 261856, 0
4935, 74, 75, 76, 0, 0, 38.39%, 23, 0, 19, 386.08, 1603231, 157, 262161, 0
4940, 74, 15, 76, 0, 0, 38.39%, 23, 0, 19, 394.80, 1605197, 157, 262506, 0
4945, 74, 40, 76, 0, 0, 38.39%, 23, 0, 19, 390.85, 1607043, 157, 262834, 0
4950, 74, 58, 76, 0, 0, 38.39%, 23, 0, 19, 363.43, 1608953, 157, 263104, 0
4955, 74, 15, 76, 0, 0, 38.39%, 23, 0, 19, 328.30, 1610519, 157, 263327, 0
4960, 74, 75, 76, 0, 0, 38.39%, 23, 0, 19, 407.41, 1612673, 157, 263567, 0
4965, 74, 75, 76, 0, 0, 38.39%, 23, 0, 19, 350.31, 1614281, 157, 263809, 0
4971, 74, 75, 76, 0, 0, 38.39%, 23, 0, 19, 322.11, 1615991, 157, 264052, 0
4976, 74, 20, 76, 0, 0, 38.39%, 23, 0, 19, 337.90, 1617749, 157, 264336, 0
4981, 74, 58, 76, 0, 0, 38.39%, 23, 0, 19, 326.95, 1619354, 157, 264575, 0
4986, 74, 75, 76, 0, 0, 38.39%, 23, 0, 19, 324.77, 1620968, 157, 264789, 0
4991, 74, 75, 76, 0, 0, 38.39%, 23, 0, 19, 337.06, 1622648, 157, 264978, 0
4996, 74, 75, 76, 0, 0, 38.39%, 23, 0, 19, 391.58, 1624714, 157, 265375, 0
5001, 74, 15, 76, 0, 0, 38.39%, 23, 0, 19, 363.86, 1626392, 157, 265667, 0
5006, 75, 75, 76, 0, 0, 38.39%, 23, 0, 19, 305.26, 1627848, 157, 265903, 0
5012, 75, 75, 76, 0, 0, 38.39%, 23, 0, 19, 323.14, 1629594, 157, 266219, 0
5017, 75, 58, 76, 0, 0, 38.39%, 23, 0, 19, 354.58, 1631424, 157, 266549, 0
5022, 75, 75, 76, 0, 0, 38.39%, 23, 0, 19, 372.47, 1633266, 157, 266902, 0
5027, 75, 12, 76, 0, 0, 38.39%, 23, 0, 19, 390.48, 1635406, 157, 267229, 0
5032, 75, 75, 76, 0, 0, 38.39%, 23, 0, 19, 429.55, 1637550, 157, 267560, 0
5037, 75, 15, 76, 0, 0, 38.39%, 23, 0, 19, 391.19, 1639576, 157, 267907, 0
5042, 75, 15, 76, 0, 0, 38.39%, 23, 0, 19, 307.43, 1641039, 157, 268139, 0
5047, 75, 58, 76, 0, 0, 38.39%, 23, 0, 19, 296.62, 1642550, 157, 268343, 0
5052, 75, 15, 76, 0, 0, 38.39%, 23, 0, 19, 369.65, 1644537, 157, 268653, 0
5057, 75, 75, 76, 0, 0, 38.39%, 23, 0, 19, 368.90, 1646366, 157, 269010, 0
5063, 75, 75, 76, 0, 0, 38.39%, 23, 0, 19, 345.65, 1648020, 157, 269318, 0
5068, 75, 20, 76, 0, 0, 38.39%, 23, 0, 19, 326.70, 1649654, 157, 269683, 0
5073, 75, 75, 76, 0, 0, 38.39%, 23, 0, 19, 333.76, 1651302, 157, 269971, 0
5078, 75, 75, 76, 0, 0, 38.39%, 23, 0, 19, 358.55, 1653133, 157, 270340, 0
5083, 75, 75, 76, 0, 0, 38.39%, 23, 0, 19, 410.40, 1655300, 157, 270730, 0
5088, 75, 75, 76, 0, 0, 38.39%, 23, 0, 19, 342.05, 1656942, 157, 271038, 0
5093, 75, 52, 76, 0, 0, 38.39%, 23, 0, 19, 378.09, 1658873, 157, 271424, 0
5098, 75, 52, 76, 0, 0, 38.39%, 23, 0, 19, 331.33, 1660478, 157, 271679, 0
5104, 75, 11, 76, 0, 0, 38.39%, 23, 0, 19, 315.63, 1662112, 157, 271874, 0
5109, 75, 75, 76, 0, 0, 38.39%, 23, 0, 19, 320.46, 1663710, 157, 272143, 0
5114, 75, 75, 76, 0, 0, 38.39%, 23, 0, 19, 355.46, 1665474, 157, 272482, 0
5119, 75, 75, 76, 0, 0, 38.39%, 23, 0, 19, 372.47, 1667366, 157, 272829, 0
5124, 76, 75, 76, 0, 0, 38.39%, 23, 0, 19, 331.39, 1669020, 157, 273092, 0
5129, 76, 75, 76, 0, 0, 38.39%, 23, 0, 19, 369.97, 1670883, 157, 273367, 0
5134, 76, 75, 76, 0, 0, 38.39%, 23, 0, 19, 344.04, 1672572, 157, 273672, 0
5139, 76, 52, 76, 0, 0, 38.39%, 23, 0, 19, 361.44, 1674399, 157, 274052, 0
5144, 76, 75, 76, 0, 0, 38.39%, 23, 0, 19, 335.08, 1676026, 157, 274250, 0
5149, 76, 61, 76, 0, 0, 38.39%, 23, 0, 19, 419.31, 1678122, 157, 274550, 0
5154, 76, 75, 76, 0, 0, 38.39%, 23, 0, 19, 427.78, 1680434, 157, 275015, 0
5159, 76, 58, 76, 0, 0, 38.39%, 23, 0, 19, 379.29, 1682261, 157, 275320, 0
5165, 76, 73, 76, 0, 0, 38.39%, 23, 0, 19, 350.68, 1683950, 157, 275735, 0
5170, 76, 75, 76, 0, 0, 38.39%, 23, 0, 19, 375.61, 1685843, 157, 276122, 0
5175, 76, 58, 76, 0, 0, 38.39%, 23, 0, 19, 346.27, 1687632, 157, 276415, 0
5180, 76, 58, 76, 0, 0, 38.39%, 23, 0, 19, 327.61, 1689228, 157, 276649, 0
5185, 76, 15, 76, 0, 0, 38.39%, 23, 0, 19, 301.10, 1690727, 157, 276911, 0
5190, 76, 75, 76, 0, 0, 38.39%, 23, 0, 19, 322.89, 1692464, 157, 277136, 0
5195, 76, 75, 76, 0, 0, 38.39%, 23, 0, 19, 370.47, 1694385, 157, 277526, 0
5200, 76, 14, 76, 0, 0, 38.39%, 23, 0, 19, 375.23, 1696265, 157, 277765, 0
5206, 76, 61, 76, 0, 0, 38.39%, 23, 0, 19, 415.46, 1698344, 157, 278056, 0
5211, 76, 75, 76, 0, 0, 38.39%, 23, 0, 19, 344.31, 1700104, 157, 278228, 0
5216, 76, 75, 76, 0, 0, 38.39%, 23, 0, 19, 335.12, 1701709, 157, 278478, 0
5221, 77, 61, 76, 0, 0, 38.39%, 23, 0, 19, 350.14, 1703467, 157, 278777, 0
5226, 77, 50, 76, 0, 0, 38.39%, 23, 0, 19, 359.10, 1705189, 157, 279073, 0
5231, 77, 75, 76, 0, 0, 38.39%, 23, 0, 19, 305.58, 1706649, 157, 279337, 0
5236, 77, 75, 76, 0, 0, 38.39%, 23, 0, 19, 307.51, 1708221, 157, 279598, 0
5241, 77, 20, 76, 0, 0, 38.39%, 23, 0, 19, 315.53, 1709906, 157, 279871, 0
5246, 77, 52, 76, 0, 0, 38.39%, 23, 0, 19, 319.46, 1711567, 157, 280059, 0
5251, 77, 75, 76, 0, 0, 38.39%, 23, 0, 19, 355.47, 1713463, 157, 280364, 0
5257, 77, 58, 76, 0, 0, 38.39%, 23, 0, 19, 381.98, 1715377, 157, 280728, 0
5262, 77, 1, 76, 0, 0, 38.39%, 23, 0, 19, 369.19, 1717068, 157, 280989, 0
5539, 77, 75, 76, 0, 0, 38.39%, 23, 0, 19, 0.21, 1718761, 157, 281283, 0
5546, 77, 75, 76, 0, 0, 38.39%, 23, 0, 19, 1.03, 1719120, 157, 281341, 0
5551, 77, 20, 76, 0, 0, 38.39%, 23, 0, 19, 194.42, 1720140, 157, 281452, 0
5556, 77, 52, 76, 0, 0, 38.39%, 23, 0, 19, 154.69, 1720891, 157, 281514, 0
5561, 77, 15, 76, 0, 0, 38.39%, 23, 0, 19, 125.01, 1721474, 157, 281605, 0
5567, 77, 41, 76, 0, 0, 38.39%, 23, 0, 19, 217.03, 1722708, 157, 281749, 0
5572, 77, 58, 76, 0, 0, 38.39%, 23, 0, 19, 235.58, 1723984, 157, 281996, 0
5577, 77, 75, 76, 0, 0, 38.39%, 23, 0, 19, 215.85, 1725062, 157, 282151, 0
5582, 77, 75, 76, 0, 0, 38.39%, 23, 0, 19, 55.49, 1725524, 157, 282234, 0
5587, 77, 75, 76, 0, 0, 38.39%, 23, 0, 19, 86.61, 1726008, 157, 282312, 0
5592, 77, 75, 76, 0, 0, 38.39%, 23, 0, 19, 86.91, 1726433, 157, 282380, 0
5597, 77, 75, 76, 0, 0, 38.39%, 23, 0, 19, 92.67, 1726895, 157, 282460, 0
5602, 77, 61, 76, 0, 0, 38.39%, 23, 0, 19, 92.74, 1727377, 157, 282544, 0
5607, 77, 75, 76, 0, 0, 38.39%, 23, 0, 19, 91.42, 1727831, 157, 282617, 0
5612, 77, 75, 76, 0, 0, 38.39%, 23, 0, 19, 93.41, 1728315, 157, 282697, 0
5617, 77, 75, 76, 0, 0, 38.39%, 23, 0, 19, 98.23, 1728820, 157, 282791, 0
5622, 77, 75, 76, 0, 0, 38.39%, 23, 0, 19, 104.94, 1729375, 157, 282875, 0
5628, 77, 15, 76, 0, 0, 38.39%, 23, 0, 19, 101.09, 1729895, 157, 282947, 0
5633, 77, 52, 76, 0, 0, 38.39%, 23, 0, 19, 96.76, 1730397, 157, 283002, 0
5638, 77, 52, 76, 0, 0, 38.39%, 23, 0, 19, 79.16, 1730789, 157, 283074, 0
5643, 77, 52, 76, 0, 0, 38.39%, 23, 0, 19, 79.76, 1731192, 157, 283126, 0
5648, 77, 73, 76, 0, 0, 38.39%, 23, 0, 19, 76.42, 1731589, 157, 283194, 0
5653, 77, 73, 76, 0, 0, 38.39%, 23, 0, 19, 84.92, 1732013, 157, 283276, 0
5658, 77, 73, 76, 0, 0, 38.39%, 23, 0, 19, 90.31, 1732482, 157, 283389, 0
5663, 77, 73, 76, 0, 0, 38.39%, 23, 0, 19, 83.79, 1732907, 157, 283477, 0
5668, 77, 52, 76, 0, 0, 38.39%, 23, 0, 19, 80.59, 1733312, 157, 283518, 0
5674, 77, 52, 76, 0, 0, 38.39%, 23, 0, 19, 85.18, 1733748, 157, 283597, 0
5679, 77, 3, 76, 0, 0, 38.39%, 23, 0, 19, 75.91, 1734134, 157, 283645, 0
5684, 77, 58, 76, 0, 0, 38.39%, 23, 0, 19, 76.27, 1734515, 157, 283753, 0
5689, 78, 49, 76, 0, 0, 38.39%, 23, 0, 19, 70.13, 1734863, 157, 283804, 0
5694, 78, 41, 76, 0, 0, 38.39%, 23, 0, 19, 77.05, 1735251, 157, 283846, 0
5699, 78, 15, 76, 0, 0, 38.39%, 23, 0, 19, 76.17, 1735645, 157, 283892, 0
5704, 78, 61, 76, 0, 0, 38.39%, 23, 0, 19, 93.31, 1736127, 157, 283951, 0
5709, 78, 75, 76, 0, 0, 38.39%, 23, 0, 19, 100.58, 1736632, 157, 284010, 0
5715, 78, 75, 76, 0, 0, 38.39%, 23, 0, 19, 96.14, 1737104, 157, 284083, 0
5720, 78, 75, 76, 0, 0, 38.39%, 23, 0, 19, 94.57, 1737587, 157, 284172, 0
5725, 78, 75, 76, 0, 0, 38.39%, 23, 0, 19, 98.48, 1738078, 157, 284256, 0
5730, 78, 75, 76, 0, 0, 38.39%, 23, 0, 19, 105.89, 1738593, 157, 284346, 0
5732, 78, 61, 76, 0, 0, 38.39%, 23, 0, 19, 172.59, 1739047, 157, 284424, 0
