# relative_time, cycles_done, cur_item, corpus_count, pending_total, pending_favs, map_size, saved_crashes, saved_hangs, max_depth, execs_per_sec, total_execs, edges_found, total_crashes, servers_count
60, 916, 6, 7, 0, 0, 35.29%, 0, 0, 2, 6464.56, 1107261, 6, 0, 0
65, 940, 6, 7, 0, 0, 35.29%, 0, 0, 2, 7995.86, 1149777, 6, 0, 0
71, 955, 6, 7, 0, 0, 35.29%, 0, 0, 2, 7692.10, 1191018, 6, 0, 0
76, 969, 2, 7, 0, 0, 35.29%, 0, 0, 2, 8206.44, 1232702, 6, 0, 0
81, 987, 6, 7, 0, 0, 35.29%, 0, 0, 2, 8631.86, 1276452, 6, 0, 0
86, 1004, 6, 7, 0, 0, 35.29%, 0, 0, 2, 8980.56, 1322059, 6, 0, 0
91, 1017, 6, 7, 0, 0, 35.29%, 0, 0, 2, 8732.08, 1365623, 6, 0, 0
96, 1034, 6, 7, 0, 0, 35.29%, 0, 0, 2, 8628.40, 1409441, 6, 0, 0
101, 1049, 6, 7, 0, 0, 35.29%, 0, 0, 2, 8705.39, 1455152, 6, 0, 0
106, 1061, 6, 7, 0, 0, 35.29%, 0, 0, 2, 8829.70, 1498679, 6, 0, 0
111, 1076, 6, 7, 0, 0, 35.29%, 0, 0, 2, 8405.48, 1539593, 6, 0, 0
117, 1090, 6, 7, 0, 0, 35.29%, 0, 0, 2, 8815.93, 1583578, 6, 0, 0
122, 1101, 3, 7, 0, 0, 35.29%, 0, 0, 2, 7391.05, 1622052, 6, 0, 0
127, 1117, 6, 7, 0, 0, 35.29%, 0, 0, 2, 9029.21, 1670846, 6, 0, 0
132, 1133, 6, 7, 0, 0, 35.29%, 0, 0, 2, 8626.85, 1712035, 6, 0, 0
137, 1147, 6, 7, 0, 0, 35.29%, 0, 0, 2, 7279.73, 1748756, 6, 0, 0
142, 1162, 6, 7, 0, 0, 35.29%, 0, 0, 2, 7797.54, 1786728, 6, 0, 0
147, 1177, 6, 7, 0, 0, 35.29%, 0, 0, 2, 8035.84, 1826664, 6, 0, 0
152, 1189, 4, 7, 0, 0, 35.29%, 0, 0, 2, 8010.91, 1865603, 6, 0, 0
157, 1204, 6, 7, 0, 0, 35.29%, 0, 0, 2, 8799.86, 1911208, 6, 0, 0
162, 1220, 6, 7, 0, 0, 35.29%, 0, 0, 2, 8978.76, 1956341, 6, 0, 0
167, 1231, 6, 7, 0, 0, 35.29%, 0, 0, 2, 7395.48, 1992651, 6, 0, 0
172, 1247, 6, 7, 0, 0, 35.29%, 0, 0, 2, 9373.74, 2042641, 6, 0, 0
178, 1266, 6, 7, 0, 0, 35.29%, 0, 0, 2, 8796.81, 2088562, 6, 0, 0
183, 1280, 6, 7, 0, 0, 35.29%, 0, 0, 2, 8858.01, 2130835, 6, 0, 0
188, 1295, 6, 7, 0, 0, 35.29%, 0, 0, 2, 8209.51, 2172878, 6, 0, 0
193, 1312, 0, 7, 0, 0, 35.29%, 0, 0, 2, 8831.98, 2219503, 6, 0, 0
198, 1329, 6, 7, 0, 0, 35.29%, 0, 0, 2, 8747.23, 2264979, 6, 0, 0
203, 1344, 4, 7, 0, 0, 35.29%, 0, 0, 2, 8880.50, 2309553, 6, 0, 0
208, 1359, 6, 7, 0, 0, 35.29%, 0, 0, 2, 8563.75, 2350949, 6, 0, 0
213, 1373, 6, 7, 0, 0, 35.29%, 0, 0, 2, 9075.79, 2396744, 6, 0, 0
218, 1390, 2, 7, 0, 0, 35.29%, 0, 0, 2, 8970.68, 2443403, 6, 0, 0
223, 1403, 5, 7, 0, 0, 35.29%, 0, 0, 2, 8536.07, 2485653, 6, 0, 0
228, 1421, 6, 7, 0, 0, 35.29%, 0, 0, 2, 8606.01, 2529646, 6, 0, 0
234, 1434, 6, 7, 0, 0, 35.29%, 0, 0, 2, 8524.18, 2574024, 6, 0, 0
239, 1449, 6, 7, 0, 0, 35.29%, 0, 0, 2, 8606.31, 2614351, 6, 0, 0
244, 1465, 4, 7, 0, 0, 35.29%, 0, 0, 2, 8825.22, 2659453, 6, 0, 0
249, 1480, 6, 7, 0, 0, 35.29%, 0, 0, 2, 8786.97, 2702359, 6, 0, 0
254, 1496, 6, 7, 0, 0, 35.29%, 0, 0, 2, 8663.31, 2748495, 6, 0, 0
259, 1513, 6, 7, 0, 0, 35.29%, 0, 0, 2, 9109.37, 2792419, 6, 0, 0
264, 1529, 6, 7, 0, 0, 35.29%, 0, 0, 2, 8967.01, 2839850, 6, 0, 0
269, 1547, 5, 7, 0, 0, 35.29%, 0, 0, 2, 9111.59, 2886854, 6, 0, 0
274, 1564, 6, 7, 0, 0, 35.29%, 0, 0, 2, 8863.83, 2930790, 6, 0, 0
280, 1580, 0, 7, 0, 0, 35.29%, 0, 0, 2, 8626.32, 2976504, 6, 0, 0
285, 1596, 6, 7, 0, 0, 35.29%, 0, 0, 2, 8936.49, 3020533, 6, 0, 0
290, 1612, 6, 7, 0, 0, 35.29%, 0, 0, 2, 8691.39, 3062699, 6, 0, 0
295, 1627, 6, 7, 0, 0, 35.29%, 0, 0, 2, 8308.21, 3105135, 6, 0, 0
300, 1640, 6, 7, 0, 0, 35.29%, 0, 0, 2, 7723.49, 3141205, 6, 0, 0
305, 1658, 6, 7, 0, 0, 35.29%, 0, 0, 2, 9088.28, 3191101, 6, 0, 0
310, 1674, 6, 7, 0, 0, 35.29%, 0, 0, 2, 9178.92, 3236209, 6, 0, 0
315, 1691, 6, 7, 0, 0, 35.29%, 0, 0, 2, 8486.84, 3279127, 6, 0, 0
320, 1708, 6, 7, 0, 0, 35.29%, 0, 0, 2, 8808.10, 3324307, 6, 0, 0
325, 1725, 6, 7, 0, 0, 35.29%, 0, 0, 2, 9036.32, 3369915, 6, 0, 0
330, 1740, 6, 7, 0, 0, 35.29%, 0, 0, 2, 9219.43, 3413351, 6, 0, 0
335, 1757, 6, 7, 0, 0, 35.29%, 0, 0, 2, 9331.97, 3459985, 6, 0, 0
341, 1773, 2, 7, 0, 0, 35.29%, 0, 0, 2, 8853.21, 3505204, 6, 0, 0
346, 1787, 5, 7, 0, 0, 35.29%, 0, 0, 2, 8916.33, 3549654, 6, 0, 0
351, 1804, 6, 7, 0, 0, 35.29%, 0, 0, 2, 8334.99, 3593081, 6, 0, 0
356, 1821, 6, 7, 0, 0, 35.29%, 0, 0, 2, 8313.39, 3636435, 6, 0, 0
361, 1837, 6, 7, 0, 0, 35.29%, 0, 0, 2, 8495.10, 3679162, 6, 0, 0
366, 1853, 6, 7, 0, 0, 35.29%, 0, 0, 2, 8483.10, 3722893, 6, 0, 0
371, 1872, 6, 7, 0, 0, 35.29%, 0, 0, 2, 8828.45, 3768590, 6, 0, 0
376, 1887, 6, 7, 0, 0, 35.29%, 0, 0, 2, 8929.36, 3813784, 6, 0, 0
382, 1906, 6, 7, 0, 0, 35.29%, 0, 0, 2, 8972.95, 3860592, 6, 0, 0
387, 1922, 6, 7, 0, 0, 35.29%, 0, 0, 2, 8966.91, 3903695, 6, 0, 0
392, 1937, 6, 7, 0, 0, 35.29%, 0, 0, 2, 9111.13, 3947655, 6, 0, 0
397, 1951, 6, 7, 0, 0, 35.29%, 0, 0, 2, 8900.68, 3990390, 6, 0, 0
402, 1969, 6, 7, 0, 0, 35.29%, 0, 0, 2, 9563.08, 4040573, 6, 0, 0
407, 1985, 6, 7, 0, 0, 35.29%, 0, 0, 2, 9898.48, 4091951, 6, 0, 0
412, 2002, 6, 7, 0, 0, 35.29%, 0, 0, 2, 9837.25, 4141147, 6, 0, 0
417, 2019, 6, 7, 0, 0, 35.29%, 0, 0, 2, 8773.46, 4184850, 6, 0, 0
422, 2036, 6, 7, 0, 0, 35.29%, 0, 0, 2, 8949.91, 4228284, 6, 0, 0
427, 2051, 2, 7, 0, 0, 35.29%, 0, 0, 2, 8611.12, 4271604, 6, 0, 0
432, 2067, 6, 7, 0, 0, 35.29%, 0, 0, 2, 8912.45, 4316363, 6, 0, 0
437, 2083, 6, 7, 0, 0, 35.29%, 0, 0, 2, 8505.80, 4360202, 6, 0, 0
442, 2100, 6, 7, 0, 0, 35.29%, 0, 0, 2, 8847.70, 4404083, 6, 0, 0
447, 2115, 3, 7, 0, 0, 35.29%, 0, 0, 2, 8846.46, 4449954, 6, 0, 0
453, 2131, 6, 7, 0, 0, 35.29%, 0, 0, 2, 8614.10, 4493902, 6, 0, 0
458, 2145, 6, 7, 0, 0, 35.29%, 0, 0, 2, 8680.50, 4537297, 6, 0, 0
463, 2162, 5, 7, 0, 0, 35.29%, 0, 0, 2, 9036.82, 4583404, 6, 0, 0
468, 2179, 3, 7, 0, 0, 35.29%, 0, 0, 2, 8190.04, 4626054, 6, 0, 0
473, 2196, 6, 7, 0, 0, 35.29%, 0, 0, 2, 9152.47, 4673297, 6, 0, 0
478, 2212, 4, 7, 0, 0, 35.29%, 0, 0, 2, 9449.29, 4718954, 6, 0, 0
483, 2230, 6, 7, 0, 0, 35.29%, 0, 0, 2, 8931.83, 4764173, 6, 0, 0
488, 2247, 6, 7, 0, 0, 35.29%, 0, 0, 2, 9166.69, 4811973, 6, 0, 0
493, 2261, 6, 7, 0, 0, 35.29%, 0, 0, 2, 8588.34, 4853875, 6, 0, 0
498, 2276, 3, 7, 0, 0, 35.29%, 0, 0, 2, 9068.74, 4902054, 6, 0, 0
503, 2292, 6, 7, 0, 0, 35.29%, 0, 0, 2, 8837.45, 4946759, 6, 0, 0
509, 2309, 6, 7, 0, 0, 35.29%, 0, 0, 2, 9282.77, 4992571, 6, 0, 0
514, 2325, 6, 7, 0, 0, 35.29%, 0, 0, 2, 9041.18, 5038604, 6, 0, 0
519, 2342, 6, 7, 0, 0, 35.29%, 0, 0, 2, 9011.22, 5085095, 6, 0, 0
524, 2357, 6, 7, 0, 0, 35.29%, 0, 0, 2, 8918.85, 5128911, 6, 0, 0
529, 2370, 6, 7, 0, 0, 35.29%, 0, 0, 2, 8127.79, 5170827, 6, 0, 0
534, 2390, 6, 7, 0, 0, 35.29%, 0, 0, 2, 8780.56, 5217701, 6, 0, 0
539, 2405, 6, 7, 0, 0, 35.29%, 0, 0, 2, 9216.03, 5265407, 6, 0, 0
544, 2418, 5, 7, 0, 0, 35.29%, 0, 0, 2, 7739.40, 5304754, 6, 0, 0
549, 2433, 6, 7, 0, 0, 35.29%, 0, 0, 2, 9312.71, 5353963, 6, 0, 0
555, 2452, 6, 7, 0, 0, 35.29%, 0, 0, 2, 9323.59, 5402671, 6, 0, 0
560, 2468, 6, 7, 0, 0, 35.29%, 0, 0, 2, 9170.07, 5449159, 6, 0, 0
565, 2484, 6, 7, 0, 0, 35.29%, 0, 0, 2, 8037.21, 5491122, 6, 0, 0
570, 2502, 0, 7, 0, 0, 35.29%, 0, 0, 2, 8960.37, 5538154, 6, 0, 0
575, 2518, 2, 7, 0, 0, 35.29%, 0, 0, 2, 9143.12, 5584354, 6, 0, 0
580, 2534, 5, 7, 0, 0, 35.29%, 0, 0, 2, 8884.78, 5629804, 6, 0, 0
585, 2548, 6, 7, 0, 0, 35.29%, 0, 0, 2, 8577.30, 5673826, 6, 0, 0
590, 2564, 6, 7, 0, 0, 35.29%, 0, 0, 2, 8679.43, 5718154, 6, 0, 0
596, 2578, 6, 7, 0, 0, 35.29%, 0, 0, 2, 8234.06, 5758127, 6, 0, 0
601, 2591, 8, 11, 2, 0, 35.29%, 0, 0, 5, 8271.11, 5803523, 6, 0, 0
606, 2594, 10, 11, 0, 0, 35.29%, 0, 0, 5, 7754.41, 5840536, 6, 0, 0
611, 2597, 6, 11, 0, 0, 35.29%, 0, 0, 5, 8139.82, 5881743, 6, 0, 0
616, 2601, 6, 12, 1, 0, 35.29%, 0, 0, 5, 8608.57, 5927412, 6, 0, 0
621, 2604, 6, 12, 0, 0, 35.29%, 0, 0, 5, 8058.31, 5963120, 6, 0, 0
626, 2607, 6, 12, 0, 0, 35.29%, 0, 0, 5, 7702.69, 5998294, 6, 0, 0
632, 2608, 6, 13, 0, 0, 35.29%, 0, 0, 6, 5906.42, 6021278, 6, 0, 0
637, 2611, 6, 13, 0, 0, 35.29%, 0, 0, 6, 7650.77, 6060528, 6, 0, 0
642, 2613, 12, 13, 0, 0, 35.29%, 0, 0, 6, 7522.77, 6097027, 6, 0, 0
647, 2616, 6, 13, 0, 0, 35.29%, 0, 0, 6, 7421.04, 6132946, 6, 0, 0
652, 2617, 13, 14, 1, 0, 35.29%, 0, 0, 6, 5591.79, 6151423, 6, 0, 0
657, 2619, 6, 14, 0, 0, 35.29%, 0, 0, 6, 6315.65, 6186251, 6, 0, 0
662, 2622, 6, 14, 0, 0, 35.29%, 0, 0, 6, 6996.40, 6225225, 6, 0, 0
667, 2625, 0, 14, 0, 0, 35.29%, 0, 0, 6, 7764.39, 6268372, 6, 0, 0
672, 2627, 11, 14, 0, 0, 35.29%, 0, 0, 6, 6388.59, 6301183, 6, 0, 0
678, 2630, 6, 14, 0, 0, 35.29%, 0, 0, 6, 7340.98, 6340168, 6, 0, 0
683, 2633, 6, 14, 0, 0, 35.29%, 0, 0, 6, 7791.65, 6380718, 6, 0, 0
688, 2635, 6, 14, 0, 0, 35.29%, 0, 0, 6, 7141.79, 6417919, 6, 0, 0
693, 2637, 6, 14, 0, 0, 35.29%, 0, 0, 6, 5870.18, 6446663, 6, 0, 0
698, 2639, 6, 14, 0, 0, 35.29%, 0, 0, 6, 6903.52, 6484614, 6, 0, 0
703, 2642, 6, 14, 0, 0, 35.29%, 0, 0, 6, 7556.39, 6523547, 6, 0, 0
708, 2644, 6, 14, 0, 0, 35.29%, 0, 0, 6, 7581.40, 6562048, 6, 0, 0
713, 2647, 6, 14, 0, 0, 35.29%, 0, 0, 6, 7310.94, 6598896, 6, 0, 0
718, 2649, 6, 14, 0, 0, 35.29%, 0, 0, 6, 7779.08, 6638366, 6, 0, 0
723, 2652, 13, 14, 0, 0, 35.29%, 0, 0, 6, 7660.57, 6678001, 6, 0, 0
728, 2654, 6, 14, 0, 0, 35.29%, 0, 0, 6, 6909.74, 6710111, 6, 0, 0
734, 2657, 6, 14, 0, 0, 35.29%, 0, 0, 6, 7768.04, 6749144, 6, 0, 0
739, 2659, 6, 14, 0, 0, 35.29%, 0, 0, 6, 6879.60, 6784984, 6, 0, 0
744, 2661, 6, 14, 0, 0, 35.29%, 0, 0, 6, 6145.02, 6817216, 6, 0, 0
749, 2664, 6, 14, 0, 0, 35.29%, 0, 0, 6, 7341.08, 6856588, 6, 0, 0
754, 2666, 6, 14, 0, 0, 35.29%, 0, 0, 6, 6870.17, 6893674, 6, 0, 0
759, 2669, 6, 14, 0, 0, 35.29%, 0, 0, 6, 7405.02, 6932244, 6, 0, 0
764, 2671, 6, 14, 0, 0, 35.29%, 0, 0, 6, 7159.82, 6968989, 6, 0, 0
769, 2674, 6, 14, 0, 0, 35.29%, 0, 0, 6, 7580.15, 7008483, 6, 0, 0
774, 2676, 9, 14, 0, 0, 35.29%, 0, 0, 6, 6779.13, 7042471, 6, 0, 0
779, 2678, 10, 14, 0, 0, 35.29%, 0, 0, 6, 7653.17, 7081364, 6, 0, 0
784, 2681, 6, 14, 0, 0, 35.29%, 0, 0, 6, 7799.20, 7121072, 6, 0, 0
789, 2684, 6, 14, 0, 0, 35.29%, 0, 0, 6, 7283.36, 7157118, 6, 0, 0
795, 2686, 6, 14, 0, 0, 35.29%, 0, 0, 6, 7813.92, 7195128, 6, 0, 0
800, 2689, 6, 14, 0, 0, 35.29%, 0, 0, 6, 7466.93, 7232619, 6, 0, 0
805, 2691, 11, 14, 0, 0, 35.29%, 0, 0, 6, 8251.78, 7273639, 6, 0, 0
810, 2694, 10, 14, 0, 0, 35.29%, 0, 0, 6, 7729.75, 7310681, 6, 0, 0
815, 2697, 6, 14, 0, 0, 35.29%, 0, 0, 6, 8155.55, 7351857, 6, 0, 0
820, 2699, 4, 14, 0, 0, 35.29%, 0, 0, 6, 7665.02, 7390372, 6, 0, 0
825, 2702, 6, 14, 0, 0, 35.29%, 0, 0, 6, 7040.56, 7424969, 6, 0, 0
830, 2704, 11, 14, 0, 0, 35.29%, 0, 0, 6, 6990.78, 7461186, 6, 0, 0
835, 2706, 7, 14, 0, 0, 35.29%, 0, 0, 6, 7391.40, 7498417, 6, 0, 0
840, 2709, 6, 14, 0, 0, 35.29%, 0, 0, 6, 6992.04, 7533718, 6, 0, 0
845, 2713, 6, 14, 0, 0, 35.29%, 0, 0, 6, 13857.28, 7598872, 6, 0, 0
851, 2722, 6, 14, 0, 0, 35.29%, 0, 0, 6, 22661.67, 7729797, 6, 0, 0
857, 2725, 15, 16, 1, 0, 35.29%, 0, 0, 6, 8987.15, 7790383, 6, 0, 0
862, 2731, 12, 16, 0, 0, 35.29%, 0, 0, 6, 17946.65, 7893680, 6, 0, 0
867, 2737, 6, 16, 0, 0, 35.29%, 0, 0, 6, 20967.46, 8002607, 6, 0, 0
873, 2742, 15, 16, 0, 0, 35.29%, 0, 0, 6, 1206.61, 8075849, 6, 0, 0
878, 2744, 6, 16, 0, 0, 35.29%, 0, 0, 6, 7437.18, 8105658, 6, 0, 0
883, 2746, 8, 16, 0, 0, 35.29%, 0, 0, 6, 7839.85, 8145554, 6, 0, 0
888, 2748, 14, 16, 0, 0, 35.29%, 0, 0, 6, 660.55, 8175183, 6, 0, 0
893, 2750, 6, 16, 0, 0, 35.29%, 0, 0, 6, 7696.01, 8209090, 6, 0, 0
898, 2752, 6, 16, 0, 0, 35.29%, 0, 0, 6, 7276.81, 8242332, 6, 0, 0
903, 2754, 6, 16, 0, 0, 35.29%, 0, 0, 6, 7527.62, 8278730, 6, 0, 0
908, 2756, 6, 16, 0, 0, 35.29%, 0, 0, 6, 6725.81, 8306649, 6, 0, 0
913, 2758, 9, 16, 0, 0, 35.29%, 0, 0, 6, 6407.22, 8338613, 6, 0, 0
918, 2760, 14, 16, 0, 0, 35.29%, 0, 0, 6, 6263.70, 8371863, 6, 0, 0
924, 2761, 13, 16, 0, 0, 35.29%, 0, 0, 6, 6289.58, 8402357, 6, 0, 0
929, 2763, 6, 16, 0, 0, 35.29%, 0, 0, 6, 7180.53, 8434451, 6, 0, 0
934, 2765, 14, 16, 0, 0, 35.29%, 0, 0, 6, 5701.23, 8468484, 6, 0, 0
939, 2767, 6, 16, 0, 0, 35.29%, 0, 0, 6, 6133.45, 8497263, 6, 0, 0
944, 2769, 6, 16, 0, 0, 35.29%, 0, 0, 6, 7256.94, 8534200, 6, 0, 0
949, 2771, 6, 16, 0, 0, 35.29%, 0, 0, 6, 3460.08, 8561503, 6, 0, 0
954, 2773, 10, 16, 0, 0, 35.29%, 0, 0, 6, 5651.79, 8590465, 6, 0, 0
959, 2775, 9, 16, 0, 0, 35.29%, 0, 0, 6, 6405.51, 8623348, 6, 0, 0
964, 2776, 6, 16, 0, 0, 35.29%, 0, 0, 6, 5584.61, 8652615, 6, 0, 0
969, 2778, 10, 16, 0, 0, 35.29%, 0, 0, 6, 6418.29, 8685193, 6, 0, 0
974, 2780, 6, 16, 0, 0, 35.29%, 0, 0, 6, 7474.78, 8719907, 6, 0, 0
980, 2782, 6, 16, 0, 0, 35.29%, 0, 0, 6, 3054.49, 8747164, 6, 0, 0
985, 2784, 6, 16, 0, 0, 35.29%, 0, 0, 6, 6042.18, 8781109, 6, 0, 0
990, 2785, 6, 16, 0, 0, 35.29%, 0, 0, 6, 9429.68, 8815417, 6, 0, 0
995, 2787, 6, 16, 0, 0, 35.29%, 0, 0, 6, 7954.35, 8850925, 6, 0, 0
1000, 2789, 14, 16, 0, 0, 35.29%, 0, 0, 6, 1072.03, 8876092, 6, 0, 0
1005, 2791, 6, 16, 0, 0, 35.29%, 0, 0, 6, 6803.06, 8910205, 6, 0, 0
1010, 2793, 14, 16, 0, 0, 35.29%, 0, 0, 6, 1614.49, 8938707, 6, 0, 0
1016, 2795, 6, 16, 0, 0, 35.29%, 0, 0, 6, 5545.03, 8972054, 6, 0, 0
1021, 2797, 6, 16, 0, 0, 35.29%, 0, 0, 6, 7082.31, 9005423, 6, 0, 0
1026, 2799, 14, 16, 0, 0, 35.29%, 0, 0, 6, 7448.17, 9040621, 6, 0, 0
1031, 2801, 6, 16, 0, 0, 35.29%, 0, 0, 6, 7239.24, 9071644, 6, 0, 0
1036, 2803, 6, 16, 0, 0, 35.29%, 0, 0, 6, 5128.75, 9107328, 6, 0, 0
1041, 2805, 14, 16, 0, 0, 35.29%, 0, 0, 6, 7546.53, 9139412, 6, 0, 0
1046, 2806, 6, 16, 0, 0, 35.29%, 0, 0, 6, 3214.12, 9162786, 6, 0, 0
1051, 2808, 10, 16, 0, 0, 35.29%, 0, 0, 6, 6380.03, 9194934, 6, 0, 0
1056, 2809, 15, 16, 0, 0, 35.29%, 0, 0, 6, 4822.34, 9217658, 6, 0, 0
1061, 2812, 6, 16, 0, 0, 35.29%, 0, 0, 6, 7166.14, 9257429, 6, 0, 0
1067, 2814, 14, 16, 0, 0, 35.29%, 0, 0, 6, 6852.81, 9293122, 6, 0, 0
1072, 2816, 12, 16, 0, 0, 35.29%, 0, 0, 6, 6872.38, 9324856, 6, 0, 0
1077, 2818, 14, 16, 0, 0, 35.29%, 0, 0, 6, 7599.62, 9358012, 6, 0, 0
1082, 2819, 4, 16, 0, 0, 35.29%, 0, 0, 6, 4661.66, 9383996, 6, 0, 0
1087, 2821, 13, 16, 0, 0, 35.29%, 0, 0, 6, 6620.13, 9419882, 6, 0, 0
1092, 2823, 14, 16, 0, 0, 35.29%, 0, 0, 6, 3656.61, 9448617, 6, 0, 0
1097, 2824, 6, 16, 0, 0, 35.29%, 0, 0, 6, 7549.04, 9471607, 6, 0, 0
1102, 2826, 14, 16, 0, 0, 35.29%, 0, 0, 6, 7193.43, 9500582, 6, 0, 0
1107, 2828, 6, 16, 0, 0, 35.29%, 0, 0, 6, 8128.51, 9531603, 6, 0, 0
1112, 2830, 6, 16, 0, 0, 35.29%, 0, 0, 6, 7429.19, 9566088, 6, 0, 0
1117, 2832, 6, 16, 0, 0, 35.29%, 0, 0, 6, 5582.79, 9591000, 6, 0, 0
1123, 2834, 3, 16, 0, 0, 35.29%, 0, 0, 6, 6571.82, 9624385, 6, 0, 0
1128, 2836, 6, 16, 0, 0, 35.29%, 0, 0, 6, 7549.39, 9664907, 6, 0, 0
1133, 2838, 6, 16, 0, 0, 35.29%, 0, 0, 6, 7127.97, 9696803, 6, 0, 0
1138, 2840, 6, 16, 0, 0, 35.29%, 0, 0, 6, 7072.86, 9731773, 6, 0, 0
1143, 2842, 13, 16, 0, 0, 35.29%, 0, 0, 6, 6752.49, 9765716, 6, 0, 0
1148, 2845, 13, 16, 0, 0, 35.29%, 0, 0, 6, 6206.23, 9799807, 6, 0, 0
1153, 2846, 14, 16, 0, 0, 35.29%, 0, 0, 6, 5942.50, 9828752, 6, 0, 0
1159, 2848, 6, 16, 0, 0, 35.29%, 0, 0, 6, 7009.95, 9861379, 6, 0, 0
1164, 2850, 6, 16, 0, 0, 35.29%, 0, 0, 6, 5682.32, 9888588, 6, 0, 0
1169, 2852, 6, 16, 0, 0, 35.29%, 0, 0, 6, 6332.51, 9922156, 6, 0, 0
1174, 2853, 12, 16, 0, 0, 35.29%, 0, 0, 6, 5177.01, 9949634, 6, 0, 0
1179, 2855, 6, 16, 0, 0, 35.29%, 0, 0, 6, 5549.23, 9978513, 6, 0, 0
1184, 2857, 6, 16, 0, 0, 35.29%, 0, 0, 6, 4429.69, 10000822, 6, 0, 0
1189, 2858, 6, 16, 0, 0, 35.29%, 0, 0, 6, 5344.32, 10030283, 6, 0, 0
1194, 2860, 8, 16, 0, 0, 35.29%, 0, 0, 6, 6473.77, 10064661, 6, 0, 0
1199, 2862, 14, 16, 0, 0, 35.29%, 0, 0, 6, 1028.88, 10094943, 6, 0, 0
1204, 2864, 6, 16, 0, 0, 35.29%, 0, 0, 6, 6007.16, 10125096, 6, 0, 0
1209, 2866, 6, 16, 0, 0, 35.29%, 0, 0, 6, 6924.57, 10162132, 6, 0, 0
1215, 2868, 14, 16, 0, 0, 35.29%, 0, 0, 6, 1027.13, 10195232, 6, 0, 0
1220, 2869, 8, 16, 0, 0, 35.29%, 0, 0, 6, 4339.65, 10221036, 6, 0, 0
1225, 2871, 15, 16, 0, 0, 35.29%, 0, 0, 6, 919.24, 10251784, 6, 0, 0
1230, 2873, 14, 16, 0, 0, 35.29%, 0, 0, 6, 1115.19, 10275434, 6, 0, 0
1235, 2874, 6, 16, 0, 0, 35.29%, 0, 0, 6, 1221.26, 10296865, 6, 0, 0
1240, 2876, 6, 16, 0, 0, 35.29%, 0, 0, 6, 5977.18, 10331278, 6, 0, 0
1245, 2878, 6, 16, 0, 0, 35.29%, 0, 0, 6, 7296.53, 10368771, 6, 0, 0
1250, 2880, 4, 16, 0, 0, 35.29%, 0, 0, 6, 6704.26, 10398057, 6, 0, 0
1255, 2882, 6, 16, 0, 0, 35.29%, 0, 0, 6, 6825.51, 10432216, 6, 0, 0
1260, 2884, 14, 16, 0, 0, 35.29%, 0, 0, 6, 1340.98, 10460831, 6, 0, 0
1266, 2886, 10, 16, 0, 0, 35.29%, 0, 0, 6, 7304.60, 10494848, 6, 0, 0
1271, 2888, 6, 16, 0, 0, 35.29%, 0, 0, 6, 2728.64, 10527309, 6, 0, 0
1276, 2889, 6, 16, 0, 0, 35.29%, 0, 0, 6, 5753.25, 10557296, 6, 0, 0
1281, 2891, 6, 16, 0, 0, 35.29%, 0, 0, 6, 8381.47, 10591032, 6, 0, 0
1286, 2893, 6, 16, 0, 0, 35.29%, 0, 0, 6, 6445.23, 10621258, 6, 0, 0
1291, 2895, 6, 16, 0, 0, 35.29%, 0, 0, 6, 6897.98, 10656762, 6, 0, 0
1296, 2897, 6, 16, 0, 0, 35.29%, 0, 0, 6, 7114.44, 10689058, 6, 0, 0
1301, 2899, 6, 16, 0, 0, 35.29%, 0, 0, 6, 4167.23, 10719651, 6, 0, 0
1306, 2901, 6, 16, 0, 0, 35.29%, 0, 0, 6, 6441.85, 10758181, 6, 0, 0
1311, 2903, 6, 16, 0, 0, 35.29%, 0, 0, 6, 7229.85, 10790985, 6, 0, 0
1317, 2904, 6, 16, 0, 0, 35.29%, 0, 0, 6, 7539.26, 10819964, 6, 0, 0
1322, 2906, 6, 16, 0, 0, 35.29%, 0, 0, 6, 8357.32, 10840872, 6, 0, 0
1327, 2907, 6, 16, 0, 0, 35.29%, 0, 0, 6, 1217.43, 10859126, 6, 0, 0
1332, 2908, 6, 16, 0, 0, 35.29%, 0, 0, 6, 6436.20, 10888725, 6, 0, 0
1337, 2910, 6, 16, 0, 0, 35.29%, 0, 0, 6, 7070.95, 10924239, 6, 0, 0
1342, 2912, 6, 16, 0, 0, 35.29%, 0, 0, 6, 6098.34, 10954171, 6, 0, 0
1347, 2915, 6, 16, 0, 0, 35.29%, 0, 0, 6, 6591.72, 10988939, 6, 0, 0
1352, 2915, 11, 16, 0, 0, 35.29%, 0, 0, 6, 804.39, 11001335, 6, 0, 0
1357, 2916, 6, 16, 0, 0, 35.29%, 0, 0, 6, 4974.57, 11019141, 6, 0, 0
1363, 2918, 6, 16, 0, 0, 35.29%, 0, 0, 6, 6044.37, 11049318, 6, 0, 0
1368, 2920, 6, 16, 0, 0, 35.29%, 0, 0, 6, 7234.00, 11087524, 6, 0, 0
1373, 2922, 6, 16, 0, 0, 35.29%, 0, 0, 6, 5597.10, 11115733, 6, 0, 0
1378, 2924, 6, 16, 0, 0, 35.29%, 0, 0, 6, 6394.02, 11147093, 6, 0, 0
1383, 2926, 6, 16, 0, 0, 35.29%, 0, 0, 6, 7006.92, 11181131, 6, 0, 0
1388, 2928, 6, 16, 0, 0, 35.29%, 0, 0, 6, 7585.71, 11219859, 6, 0, 0
1393, 2930, 13, 16, 0, 0, 35.29%, 0, 0, 6, 4066.30, 11250759, 6, 0, 0
1398, 2932, 6, 16, 0, 0, 35.29%, 0, 0, 6, 5662.92, 11282611, 6, 0, 0
1403, 2934, 6, 16, 0, 0, 35.29%, 0, 0, 6, 6806.22, 11318869, 6, 0, 0
1409, 2936, 6, 16, 0, 0, 35.29%, 0, 0, 6, 7161.98, 11354321, 6, 0, 0
1414, 2938, 6, 16, 0, 0, 35.29%, 0, 0, 6, 3456.43, 11382548, 6, 0, 0
1419, 2940, 6, 16, 0, 0, 35.29%, 0, 0, 6, 7132.29, 11422693, 6, 0, 0
1424, 2942, 6, 16, 0, 0, 35.29%, 0, 0, 6, 7085.75, 11460638, 6, 0, 0
1429, 2944, 15, 16, 0, 0, 35.29%, 0, 0, 6, 1123.89, 11491820, 6, 0, 0
1434, 2946, 10, 16, 0, 0, 35.29%, 0, 0, 6, 8363.99, 11528808, 6, 0, 0
1439, 2948, 6, 16, 0, 0, 35.29%, 0, 0, 6, 7547.20, 11564079, 6, 0, 0
1444, 2950, 6, 16, 0, 0, 35.29%, 0, 0, 6, 7508.77, 11601337, 6, 0, 0
1449, 2953, 6, 16, 0, 0, 35.29%, 0, 0, 6, 7583.75, 11639777, 6, 0, 0
1455, 2954, 6, 16, 0, 0, 35.29%, 0, 0, 6, 7091.05, 11673837, 6, 0, 0
1460, 2956, 6, 16, 0, 0, 35.29%, 0, 0, 6, 6074.08, 11707369, 6, 0, 0
1465, 2959, 12, 16, 0, 0, 35.29%, 0, 0, 6, 7577.34, 11749065, 6, 0, 0
1470, 2961, 13, 16, 0, 0, 35.29%, 0, 0, 6, 8860.04, 11784963, 6, 0, 0
1475, 2963, 6, 16, 0, 0, 35.29%, 0, 0, 6, 4687.62, 11817526, 6, 0, 0
1480, 2965, 6, 16, 0, 0, 35.29%, 0, 0, 6, 7728.40, 11852783, 6, 0, 0
1485, 2967, 8, 16, 0, 0, 35.29%, 0, 0, 6, 6676.40, 11885376, 6, 0, 0
1490, 2968, 4, 16, 0, 0, 35.29%, 0, 0, 6, 2497.11, 11904878, 6, 0, 0
1496, 2969, 6, 16, 0, 0, 35.29%, 0, 0, 6, 19.44, 11920308, 6, 0, 0
1501, 2970, 6, 16, 0, 0, 35.29%, 0, 0, 6, 2012.65, 11930114, 6, 0, 0
1506, 2970, 6, 16, 0, 0, 35.29%, 0, 0, 6, 2804.89, 11935181, 6, 0, 0
1511, 2971, 6, 16, 0, 0, 35.29%, 0, 0, 6, 2137.85, 11947072, 6, 0, 0
1516, 2972, 6, 16, 0, 0, 35.29%, 0, 0, 6, 2249.36, 11959254, 6, 0, 0
1522, 2973, 8, 16, 0, 0, 35.29%, 0, 0, 6, 2881.50, 11975619, 6, 0, 0
1527, 2974, 9, 16, 0, 0, 35.29%, 0, 0, 6, 2626.77, 11989199, 6, 0, 0
1532, 2974, 6, 16, 0, 0, 35.29%, 0, 0, 6, 2625.90, 12002609, 6, 0, 0
1537, 2975, 6, 16, 0, 0, 35.29%, 0, 0, 6, 3158.10, 12018769, 6, 0, 0
1542, 2976, 6, 16, 0, 0, 35.29%, 0, 0, 6, 3678.98, 12037114, 6, 0, 0
1547, 2977, 6, 16, 0, 0, 35.29%, 0, 0, 6, 4093.09, 12058804, 6, 0, 0
1552, 2978, 12, 16, 0, 0, 35.29%, 0, 0, 6, 2961.06, 12071670, 6, 0, 0
1557, 2979, 6, 16, 0, 0, 35.29%, 0, 0, 6, 3819.97, 12080659, 6, 0, 0
1563, 2979, 6, 16, 0, 0, 35.29%, 0, 0, 6, 3054.51, 12095412, 6, 0, 0
1568, 2980, 6, 16, 0, 0, 35.29%, 0, 0, 6, 2958.79, 12109586, 6, 0, 0
1573, 2981, 6, 16, 0, 0, 35.29%, 0, 0, 6, 3413.48, 12126699, 6, 0, 0
1578, 2982, 6, 16, 0, 0, 35.29%, 0, 0, 6, 2827.56, 12137859, 6, 0, 0
1583, 2983, 2, 16, 0, 0, 35.29%, 0, 0, 6, 3617.46, 12153108, 6, 0, 0
1588, 2984, 6, 16, 0, 0, 35.29%, 0, 0, 6, 3540.47, 12166039, 6, 0, 0
1593, 2985, 6, 16, 0, 0, 35.29%, 0, 0, 6, 3345.91, 12181513, 6, 0, 0
1598, 2985, 9, 16, 0, 0, 35.29%, 0, 0, 6, 2282.89, 12192300, 6, 0, 0
1604, 2986, 4, 16, 0, 0, 35.29%, 0, 0, 6, 2488.56, 12202905, 6, 0, 0
1609, 2987, 6, 16, 0, 0, 35.29%, 0, 0, 6, 2649.32, 12217993, 6, 0, 0
1614, 2988, 12, 16, 0, 0, 35.29%, 0, 0, 6, 2391.59, 12230518, 6, 0, 0
1619, 2988, 10, 16, 0, 0, 35.29%, 0, 0, 6, 1662.59, 12238094, 6, 0, 0
1624, 2989, 6, 16, 0, 0, 35.29%, 0, 0, 6, 1882.99, 12248572, 6, 0, 0
1629, 2990, 6, 16, 0, 0, 35.29%, 0, 0, 6, 2988.99, 12263524, 6, 0, 0
1634, 2991, 6, 16, 0, 0, 35.29%, 0, 0, 6, 2697.86, 12277945, 6, 0, 0
1639, 2992, 6, 16, 0, 0, 35.29%, 0, 0, 6, 2771.04, 12292561, 6, 0, 0
1644, 2993, 6, 16, 0, 0, 35.29%, 0, 0, 6, 3571.84, 12311726, 6, 0, 0
1649, 2994, 14, 16, 0, 0, 35.29%, 0, 0, 6, 2984.19, 12325380, 6, 0, 0
1655, 2994, 14, 16, 0, 0, 35.29%, 0, 0, 6, 2599.65, 12337683, 6, 0, 0
1660, 2995, 6, 16, 0, 0, 35.29%, 0, 0, 6, 3293.26, 12352609, 6, 0, 0
1665, 2996, 6, 16, 0, 0, 35.29%, 0, 0, 6, 2994.46, 12368296, 6, 0, 0
1670, 2997, 6, 16, 0, 0, 35.29%, 0, 0, 6, 2610.21, 12379835, 6, 0, 0
1675, 2998, 6, 16, 0, 0, 35.29%, 0, 0, 6, 3318.01, 12396040, 6, 0, 0
1680, 2999, 6, 16, 0, 0, 35.29%, 0, 0, 6, 3809.76, 12413254, 6, 0, 0
1685, 2999, 6, 16, 0, 0, 35.29%, 0, 0, 6, 2997.34, 12425673, 6, 0, 0
1690, 3000, 14, 16, 0, 0, 35.29%, 0, 0, 6, 3055.52, 12440793, 6, 0, 0
1695, 3001, 12, 16, 0, 0, 35.29%, 0, 0, 6, 2982.74, 12455211, 6, 0, 0
1701, 3002, 14, 16, 0, 0, 35.29%, 0, 0, 6, 2841.08, 12471256, 6, 0, 0
1706, 3003, 6, 16, 0, 0, 35.29%, 0, 0, 6, 2385.00, 12483113, 6, 0, 0
1711, 3004, 6, 16, 0, 0, 35.29%, 0, 0, 6, 2519.02, 12496227, 6, 0, 0
1716, 3004, 6, 16, 0, 0, 35.29%, 0, 0, 6, 3064.78, 12510353, 6, 0, 0
1721, 3006, 6, 16, 0, 0, 35.29%, 0, 0, 6, 3880.76, 12532162, 6, 0, 0
1726, 3007, 6, 16, 0, 0, 35.29%, 0, 0, 6, 4624.29, 12543301, 6, 0, 0
1731, 3008, 9, 16, 0, 0, 35.29%, 0, 0, 6, 4002.48, 12560483, 6, 0, 0
1736, 3008, 6, 16, 0, 0, 35.29%, 0, 0, 6, 3499.59, 12573786, 6, 0, 0
1741, 3009, 6, 16, 0, 0, 35.29%, 0, 0, 6, 2699.16, 12586459, 6, 0, 0
1747, 3010, 6, 16, 0, 0, 35.29%, 0, 0, 6, 2506.38, 12599223, 6, 0, 0
1752, 3011, 6, 16, 0, 0, 35.29%, 0, 0, 6, 3658.75, 12616549, 6, 0, 0
1757, 3012, 6, 16, 0, 0, 35.29%, 0, 0, 6, 5327.45, 12625297, 6, 0, 0
1762, 3013, 6, 16, 0, 0, 35.29%, 0, 0, 6, 3352.49, 12638147, 6, 0, 0
1767, 3013, 6, 16, 0, 0, 35.29%, 0, 0, 6, 2480.81, 12650665, 6, 0, 0
1772, 3014, 6, 16, 0, 0, 35.29%, 0, 0, 6, 2238.52, 12660171, 6, 0, 0
1777, 3014, 14, 16, 0, 0, 35.29%, 0, 0, 6, 2550.02, 12672208, 6, 0, 0
1782, 3015, 6, 16, 0, 0, 35.29%, 0, 0, 6, 3256.93, 12687142, 6, 0, 0
1787, 3016, 6, 16, 0, 0, 35.29%, 0, 0, 6, 3639.97, 12704614, 6, 0, 0
1792, 3017, 6, 16, 0, 0, 35.29%, 0, 0, 6, 580.79, 12714654, 6, 0, 0
1798, 3018, 6, 16, 0, 0, 35.29%, 0, 0, 6, 3373.08, 12733516, 6, 0, 0
1803, 3019, 6, 16, 0, 0, 35.29%, 0, 0, 6, 2696.47, 12747960, 6, 0, 0
1808, 3020, 6, 16, 0, 0, 35.29%, 0, 0, 6, 2455.36, 12761484, 6, 0, 0
1813, 3020, 15, 16, 0, 0, 35.29%, 0, 0, 6, 1644.16, 12769280, 6, 0, 0
1818, 3021, 13, 16, 0, 0, 35.29%, 0, 0, 6, 573.51, 12779822, 6, 0, 0
1823, 3022, 6, 16, 0, 0, 35.29%, 0, 0, 6, 2253.65, 12791043, 6, 0, 0
1828, 3023, 6, 16, 0, 0, 35.29%, 0, 0, 6, 3017.10, 12804916, 6, 0, 0
1833, 3023, 6, 16, 0, 0, 35.29%, 0, 0, 6, 3292.22, 12820142, 6, 0, 0
1838, 3024, 6, 16, 0, 0, 35.29%, 0, 0, 6, 2294.63, 12831742, 6, 0, 0
1843, 3025, 7, 16, 0, 0, 35.29%, 0, 0, 6, 3185.44, 12849462, 6, 0, 0
1849, 3026, 6, 16, 0, 0, 35.29%, 0, 0, 6, 2737.87, 12862565, 6, 0, 0
1854, 3027, 9, 16, 0, 0, 35.29%, 0, 0, 6, 3336.63, 12876639, 6, 0, 0
1859, 3028, 12, 16, 0, 0, 35.29%, 0, 0, 6, 2303.90, 12887307, 6, 0, 0
1864, 3029, 6, 16, 0, 0, 35.29%, 0, 0, 6, 2464.16, 12900764, 6, 0, 0
1869, 3029, 8, 16, 0, 0, 35.29%, 0, 0, 6, 2252.26, 12912651, 6, 0, 0
1874, 3030, 10, 16, 0, 0, 35.29%, 0, 0, 6, 2709.30, 12927807, 6, 0, 0
1879, 3031, 9, 16, 0, 0, 35.29%, 0, 0, 6, 3078.33, 12941466, 6, 0, 0
1884, 3032, 6, 16, 0, 0, 35.29%, 0, 0, 6, 3101.74, 12956186, 6, 0, 0
1889, 3033, 6, 16, 0, 0, 35.29%, 0, 0, 6, 2171.57, 12966210, 6, 0, 0
1895, 3033, 11, 16, 0, 0, 35.29%, 0, 0, 6, 1648.34, 12974065, 6, 0, 0
1900, 3034, 14, 16, 0, 0, 35.29%, 0, 0, 6, 2351.45, 12988702, 6, 0, 0
1905, 3035, 6, 16, 0, 0, 35.29%, 0, 0, 6, 3337.27, 13005353, 6, 0, 0
1910, 3035, 14, 16, 0, 0, 35.29%, 0, 0, 6, 2767.76, 13012373, 6, 0, 0
1915, 3036, 6, 16, 0, 0, 35.29%, 0, 0, 6, 1880.84, 13019829, 6, 0, 0
1920, 3036, 6, 16, 0, 0, 35.29%, 0, 0, 6, 2199.47, 13030058, 6, 0, 0
1925, 3037, 6, 16, 0, 0, 35.29%, 0, 0, 6, 2227.52, 13041041, 6, 0, 0
1930, 3038, 6, 16, 0, 0, 35.29%, 0, 0, 6, 3751.73, 13050309, 6, 0, 0
1935, 3038, 6, 16, 0, 0, 35.29%, 0, 0, 6, 3220.93, 13062654, 6, 0, 0
1940, 3039, 6, 16, 0, 0, 35.29%, 0, 0, 6, 3010.88, 13079145, 6, 0, 0
1945, 3040, 6, 16, 0, 0, 35.29%, 0, 0, 6, 995.07, 13088051, 6, 0, 0
1951, 3041, 6, 16, 0, 0, 35.29%, 0, 0, 6, 2800.44, 13105069, 6, 0, 0
1956, 3042, 6, 16, 0, 0, 35.29%, 0, 0, 6, 2697.43, 13120599, 6, 0, 0
1961, 3043, 6, 16, 0, 0, 35.29%, 0, 0, 6, 2615.87, 13135015, 6, 0, 0
1966, 3043, 6, 16, 0, 0, 35.29%, 0, 0, 6, 1760.63, 13142539, 6, 0, 0
1971, 3044, 12, 16, 0, 0, 35.29%, 0, 0, 6, 1878.56, 13152444, 6, 0, 0
1976, 3044, 6, 16, 0, 0, 35.29%, 0, 0, 6, 2251.29, 13163632, 6, 0, 0
1981, 3045, 14, 16, 0, 0, 35.29%, 0, 0, 6, 2309.86, 13176063, 6, 0, 0
1986, 3045, 6, 16, 0, 0, 35.29%, 0, 0, 6, 1757.28, 13184949, 6, 0, 0
1991, 3046, 10, 16, 0, 0, 35.29%, 0, 0, 6, 2375.64, 13199399, 6, 0, 0
1996, 3047, 11, 16, 0, 0, 35.29%, 0, 0, 6, 3494.75, 13217189, 6, 0, 0
2001, 3048, 6, 16, 0, 0, 35.29%, 0, 0, 6, 1521.50, 13229596, 6, 0, 0
2007, 3049, 6, 16, 0, 0, 35.29%, 0, 0, 6, 3104.55, 13248660, 6, 0, 0
2012, 3050, 6, 16, 0, 0, 35.29%, 0, 0, 6, 981.37, 13256215, 6, 0, 0
2017, 3050, 8, 16, 0, 0, 35.29%, 0, 0, 6, 2288.18, 13268988, 6, 0, 0
2022, 3051, 6, 16, 0, 0, 35.29%, 0, 0, 6, 4234.35, 13284063, 6, 0, 0
2027, 3052, 6, 16, 0, 0, 35.29%, 0, 0, 6, 3846.61, 13300184, 6, 0, 0
2032, 3053, 6, 16, 0, 0, 35.29%, 0, 0, 6, 3114.65, 13314933, 6, 0, 0
2037, 3054, 14, 16, 0, 0, 35.29%, 0, 0, 6, 497.93, 13328392, 6, 0, 0
2042, 3055, 6, 16, 0, 0, 35.29%, 0, 0, 6, 1070.02, 13340824, 6, 0, 0
2047, 3056, 6, 16, 0, 0, 35.29%, 0, 0, 6, 2801.80, 13357426, 6, 0, 0
2053, 3056, 6, 16, 0, 0, 35.29%, 0, 0, 6, 2346.98, 13368985, 6, 0, 0
2058, 3057, 14, 16, 0, 0, 35.29%, 0, 0, 6, 416.76, 13381639, 6, 0, 0
2063, 3058, 6, 16, 0, 0, 35.29%, 0, 0, 6, 2242.84, 13393690, 6, 0, 0
2068, 3059, 6, 16, 0, 0, 35.29%, 0, 0, 6, 2491.38, 13405729, 6, 0, 0
2073, 3059, 6, 16, 0, 0, 35.29%, 0, 0, 6, 1667.03, 13413348, 6, 0, 0
2078, 3060, 6, 16, 0, 0, 35.29%, 0, 0, 6, 1931.63, 13424104, 6, 0, 0
2083, 3061, 6, 16, 0, 0, 35.29%, 0, 0, 6, 3494.92, 13443806, 6, 0, 0
2088, 3061, 6, 16, 0, 0, 35.29%, 0, 0, 6, 829.17, 13455659, 6, 0, 0
2093, 3062, 6, 16, 0, 0, 35.29%, 0, 0, 6, 2862.05, 13470883, 6, 0, 0
2099, 3063, 6, 16, 0, 0, 35.29%, 0, 0, 6, 2605.43, 13482359, 6, 0, 0
2104, 3064, 6, 16, 0, 0, 35.29%, 0, 0, 6, 2023.86, 13493910, 6, 0, 0
2109, 3064, 6, 16, 0, 0, 35.29%, 0, 0, 6, 2893.22, 13507319, 6, 0, 0
2114, 3065, 14, 16, 0, 0, 35.29%, 0, 0, 6, 1917.27, 13522888, 6, 0, 0
2119, 3066, 6, 16, 0, 0, 35.29%, 0, 0, 6, 2607.13, 13536790, 6, 0, 0
2124, 3067, 6, 16, 0, 0, 35.29%, 0, 0, 6, 3089.89, 13554378, 6, 0, 0
2129, 3068, 6, 16, 0, 0, 35.29%, 0, 0, 6, 2784.31, 13566585, 6, 0, 0
2134, 3068, 6, 16, 0, 0, 35.29%, 0, 0, 6, 2323.12, 13577109, 6, 0, 0
2139, 3069, 13, 16, 0, 0, 35.29%, 0, 0, 6, 1704.54, 13585784, 6, 0, 0
2145, 3070, 15, 16, 0, 0, 35.29%, 0, 0, 6, 2535.00, 13599751, 6, 0, 0
2150, 3071, 9, 16, 0, 0, 35.29%, 0, 0, 6, 2962.01, 13617253, 6, 0, 0
2155, 3072, 14, 16, 0, 0, 35.29%, 0, 0, 6, 2023.90, 13627397, 6, 0, 0
2160, 3072, 6, 16, 0, 0, 35.29%, 0, 0, 6, 2688.22, 13640249, 6, 0, 0
2165, 3073, 6, 16, 0, 0, 35.29%, 0, 0, 6, 2953.95, 13652989, 6, 0, 0
2170, 3074, 8, 16, 0, 0, 35.29%, 0, 0, 6, 2528.54, 13663397, 6, 0, 0
2175, 3075, 6, 16, 0, 0, 35.29%, 0, 0, 6, 3020.54, 13677211, 6, 0, 0
2180, 3075, 6, 16, 0, 0, 35.29%, 0, 0, 6, 2190.60, 13687274, 6, 0, 0
2185, 3076, 6, 16, 0, 0, 35.29%, 0, 0, 6, 2549.91, 13698815, 6, 0, 0
2191, 3077, 9, 16, 0, 0, 35.29%, 0, 0, 6, 2540.80, 13711978, 6, 0, 0
2196, 3077, 6, 16, 0, 0, 35.29%, 0, 0, 6, 2654.37, 13723541, 6, 0, 0
2201, 3078, 6, 16, 0, 0, 35.29%, 0, 0, 6, 2997.00, 13736880, 6, 0, 0
2206, 3079, 6, 16, 0, 0, 35.29%, 0, 0, 6, 2534.50, 13748507, 6, 0, 0
2211, 3079, 6, 16, 0, 0, 35.29%, 0, 0, 6, 2481.46, 13760562, 6, 0, 0
2216, 3081, 6, 16, 0, 0, 35.29%, 0, 0, 6, 3961.15, 13782174, 6, 0, 0
2221, 3081, 6, 16, 0, 0, 35.29%, 0, 0, 6, 2752.86, 13793696, 6, 0, 0
2226, 3082, 15, 16, 0, 0, 35.29%, 0, 0, 6, 2286.28, 13805239, 6, 0, 0
2231, 3083, 14, 16, 0, 0, 35.29%, 0, 0, 6, 2529.79, 13820464, 6, 0, 0
2236, 3084, 6, 16, 0, 0, 35.29%, 0, 0, 6, 3255.80, 13836698, 6, 0, 0
2242, 3085, 6, 16, 0, 0, 35.29%, 0, 0, 6, 2374.27, 13847688, 6, 0, 0
2247, 3085, 6, 16, 0, 0, 35.29%, 0, 0, 6, 2196.97, 13859129, 6, 0, 0
2252, 3086, 13, 16, 0, 0, 35.29%, 0, 0, 6, 2625.57, 13871565, 6, 0, 0
2257, 3087, 6, 16, 0, 0, 35.29%, 0, 0, 6, 2190.56, 13883313, 6, 0, 0
2262, 3087, 14, 16, 0, 0, 35.29%, 0, 0, 6, 1330.88, 13889998, 6, 0, 0
2267, 3088, 6, 16, 0, 0, 35.29%, 0, 0, 6, 2553.24, 13898803, 6, 0, 0
2273, 3089, 14, 16, 0, 0, 35.29%, 0, 0, 6, 3140.29, 13916637, 6, 0, 0
2278, 3089, 6, 16, 0, 0, 35.29%, 0, 0, 6, 2132.85, 13925821, 6, 0, 0
2283, 3090, 6, 16, 0, 0, 35.29%, 0, 0, 6, 2904.92, 13941071, 6, 0, 0
2288, 3091, 6, 16, 0, 0, 35.29%, 0, 0, 6, 2186.40, 13952487, 6, 0, 0
2293, 3092, 8, 16, 0, 0, 35.29%, 0, 0, 6, 2498.51, 13963867, 6, 0, 0
2298, 3092, 9, 16, 0, 0, 35.29%, 0, 0, 6, 2405.26, 13976045, 6, 0, 0
2303, 3093, 6, 16, 0, 0, 35.29%, 0, 0, 6, 2413.03, 13990167, 6, 0, 0
2308, 3094, 6, 16, 0, 0, 35.29%, 0, 0, 6, 2459.49, 14003839, 6, 0, 0
2313, 3095, 14, 16, 0, 0, 35.29%, 0, 0, 6, 1578.09, 14011495, 6, 0, 0
2318, 3095, 6, 16, 0, 0, 35.29%, 0, 0, 6, 1888.88, 14022462, 6, 0, 0
2323, 3096, 6, 16, 0, 0, 35.29%, 0, 0, 6, 2829.57, 14037682, 6, 0, 0
2329, 3097, 6, 16, 0, 0, 35.29%, 0, 0, 6, 2487.48, 14052403, 6, 0, 0
2334, 3098, 6, 16, 0, 0, 35.29%, 0, 0, 6, 3174.59, 14068194, 6, 0, 0
2339, 3099, 6, 16, 0, 0, 35.29%, 0, 0, 6, 3373.38, 14084989, 6, 0, 0
2344, 3100, 9, 16, 0, 0, 35.29%, 0, 0, 6, 2248.16, 14096848, 6, 0, 0
2349, 3101, 6, 16, 0, 0, 35.29%, 0, 0, 6, 2759.37, 14111886, 6, 0, 0
2354, 3102, 6, 16, 0, 0, 35.29%, 0, 0, 6, 4325.13, 14126358, 6, 0, 0
2359, 3102, 6, 16, 0, 0, 35.29%, 0, 0, 6, 3139.51, 14139714, 6, 0, 0
2364, 3103, 6, 16, 0, 0, 35.29%, 0, 0, 6, 2190.60, 14149284, 6, 0, 0
2370, 3104, 6, 16, 0, 0, 35.29%, 0, 0, 6, 2647.47, 14162334, 6, 0, 0
2375, 3104, 14, 16, 0, 0, 35.29%, 0, 0, 6, 1941.71, 14172224, 6, 0, 0
2380, 3105, 6, 16, 0, 0, 35.29%, 0, 0, 6, 1571.35, 14179438, 6, 0, 0
2385, 3106, 6, 16, 0, 0, 35.29%, 0, 0, 6, 3311.11, 14196808, 6, 0, 0
2390, 3107, 14, 16, 0, 0, 35.29%, 0, 0, 6, 482.89, 14210960, 6, 0, 0
2395, 3107, 6, 16, 0, 0, 35.29%, 0, 0, 6, 2881.65, 14222352, 6, 0, 0
2400, 3108, 8, 16, 0, 0, 35.29%, 0, 0, 6, 2691.27, 14233906, 6, 0, 0
2406, 3109, 6, 16, 0, 0, 35.29%, 0, 0, 6, 2468.52, 14247068, 6, 0, 0
2411, 3110, 6, 16, 0, 0, 35.29%, 0, 0, 6, 3776.80, 14267684, 6, 0, 0
2416, 3111, 9, 16, 0, 0, 35.29%, 0, 0, 6, 2655.72, 14278535, 6, 0, 0
2421, 3111, 6, 16, 0, 0, 35.29%, 0, 0, 6, 2155.14, 14289698, 6, 0, 0
2426, 3112, 6, 16, 0, 0, 35.29%, 0, 0, 6, 2430.94, 14303734, 6, 0, 0
2431, 3113, 6, 16, 0, 0, 35.29%, 0, 0, 6, 1883.26, 14313040, 6, 0, 0
2436, 3113, 6, 16, 0, 0, 35.29%, 0, 0, 6, 2367.47, 14325420, 6, 0, 0
2441, 3114, 6, 16, 0, 0, 35.29%, 0, 0, 6, 3147.81, 14342336, 6, 0, 0
2447, 3115, 6, 16, 0, 0, 35.29%, 0, 0, 6, 2857.48, 14357158, 6, 0, 0
2452, 3116, 6, 16, 0, 0, 35.29%, 0, 0, 6, 2886.57, 14370618, 6, 0, 0
2457, 3117, 6, 16, 0, 0, 35.29%, 0, 0, 6, 2131.14, 14380331, 6, 0, 0
2462, 3121, 6, 16, 0, 0, 35.29%, 0, 0, 6, 11325.89, 14443755, 6, 0, 0
2467, 3124, 10, 16, 0, 0, 35.29%, 0, 0, 6, 13168.42, 14511714, 6, 0, 0
2472, 3129, 10, 16, 0, 0, 35.29%, 0, 0, 6, 15945.77, 14584555, 6, 0, 0
2477, 3133, 6, 16, 0, 0, 35.29%, 0, 0, 6, 14338.22, 14658411, 6, 0, 0
2482, 3138, 6, 16, 0, 0, 35.29%, 0, 0, 6, 15391.89, 14732263, 6, 0, 0
2483, 3138, 12, 16, 0, 0, 35.29%, 0, 0, 6, 14654.95, 14738817, 6, 0, 0
